0.427731
0
0.597592
0
0.79811
0
0.570972
0
0.682675
0
0.912265
0
0.996826
0
0.871546
0
0.62317
0
0.408308
0
0.557629
0
0.779312
0
0.570173
0
0.891041
0
0.651659
0
0.465686
0
0.609421
0
0.833196
0
0.63661
0
0.932056
0
0.712098
0
0.485895
0
0.650477
0
0.852269
0
0.63726
0
0.336944
0
0.252197
0
0.368151
0
0.179004
0
0.163611
0
0.122326
0
0.0161824
0
0.0490045
0
0.0656236
0
0.0216948
0
0.0718913
0
0.0237957
0
0.0157655
0
0.021411
0
0.0645955
0
0.0474932
0
0.160579
0
0.117865
0
0.241882
0
0.329892
0
0.343344
0
0.246554
0
0.391377
0
0.19273
0
0.169546
0
0.122103
0
0.0165929
0
0.0496862
0
0.0687865
0
0.0229008
0
0.0779608
0
0.0258756
0
0.0181065
0
0.0239352
0
0.0723388
0
0.0548834
0
0.179356
0
0.136452
0
0.278438
0
0.365147
0
0.000775346
0
0.000208718
0
0.000623875
0
0.00231592
0
4.60714e-05
0
0.000137868
0
0.000337117
0
0.00152232
0
0.00564167
0
0.011189
0
0.00302807
0
0.00491893
0
0.000672889
0
0.00109784
0
3.04327e-05
0
0.000201627
0
0.000122968
0
1.84584e-05
0
6.13515e-05
0
9.16616e-06
0
1.24051e-06
0
3.72668e-06
0
2.50229e-05
0
8.34761e-06
0
0.00446834
0
0.0027495
0
0.00998793
0
0.00102187
0
0.000626298
0
0.000313861
0
0.00138241
0
0.00503372
0
0.000701691
0
0.00207964
0
0.00056994
0
0.000192016
0
0.000128984
0
4.33418e-05
0
1.24051e-06
0
8.07216e-06
0
2.41216e-05
0
3.72668e-06
0
5.89767e-05
0
9.16616e-06
0
3.04327e-05
0
1.84584e-05
0
0.000118175
0
0.000193742
0
0.0302574
0
0.0152517
0
0.0380473
0
0.075513
0
0.155411
0
0.263042
0
0.0781627
0
0.132017
0
0.0181463
0
0.0541761
0
0.0321636
0
0.0108034
0
0.0156933
0
0.00528397
0
0.00212349
0
0.00629803
0
0.295047
0
0.182179
0
0.300784
0
0.146374
0
0.0901811
0
0.0452482
0
0.0915642
0
0.151485
0
0.0206289
0
0.0619952
0
0.0374227
0
0.012443
0
0.0184732
0
0.00613925
0
0.000812411
0
0.00246946
0
0.00743456
0
0.00244645
0
0.0182317
0
0.00600479
0
0.0195841
0
0.0120095
0
0.0364053
0
0.0592374
0
1.24051e-06
0
8.54865e-06
0
2.31369e-06
0
3.38078e-07
0
4.79358e-05
0
1.29034e-05
0
2.84239e-06
0
5.1257e-07
0
7.54354e-08
0
2.06118e-09
0
1.37808e-08
0
9.28954e-08
0
1.37808e-08
0
5.11871e-07
0
7.54354e-08
0
1.24051e-06
0
3.38078e-07
0
2.30546e-06
0
8.48827e-06
0
1.28624e-05
0
4.75056e-05
0
0.000217223
0
5.86467e-05
0
0.00021877
0
1.24051e-06
0
3.38078e-07
0
2.28845e-06
0
8.43942e-06
0
7.54354e-08
0
5.0824e-07
0
2.79659e-06
0
1.26355e-05
0
4.67749e-05
0
0.000210974
0
5.68575e-05
0
1.25597e-05
0
2.27585e-06
0
3.38078e-07
0
5.07397e-07
0
7.54354e-08
0
2.06118e-09
0
1.37808e-08
0
9.24718e-08
0
1.37808e-08
0
1.24051e-06
0
3.38078e-07
0
2.1931e-06
0
7.99416e-06
0
7.54354e-08
0
4.93303e-07
0
2.64686e-06
0
1.16844e-05
0
4.23521e-05
0
0.000662881
0
0.000184835
0
5.11932e-05
0
0.000184163
0
1.16579e-05
0
4.21246e-05
0
1.24051e-06
0
7.96476e-06
0
2.18903e-06
0
3.38078e-07
0
4.93078e-07
0
7.54354e-08
0
2.06118e-09
0
1.37808e-08
0
9.1052e-08
0
1.37808e-08
0
3.38078e-07
0
2.21656e-06
0
7.54354e-08
0
4.97952e-07
0
2.70195e-06
0
1.19687e-05
0
5.32246e-05
0
0.000194869
0
1.20528e-05
0
4.41817e-05
0
1.24051e-06
0
8.19206e-06
0
2.23305e-06
0
3.38078e-07
0
4.99286e-07
0
7.54354e-08
0
2.06118e-09
0
1.37808e-08
0
9.15813e-08
0
1.37808e-08
0
0.00066407
0
0.000145174
0
0.000359788
0
0.0016491
0
0.00334077
0
0.00553726
0
0.000728025
0
0.0012056
0
3.04327e-05
0
0.000212707
0
0.000128684
0
1.84584e-05
0
6.3726e-05
0
9.16616e-06
0
3.72668e-06
0
2.57982e-05
0
3.04327e-05
0
0.00021108
0
0.000285662
0
4.10798e-05
0
0.00118819
0
0.00161164
0
0.00178958
0
0.000316504
0
4.54002e-05
0
4.10798e-05
0
0.000286777
0
0.00162358
0
0.00744892
0
0.0277226
0
0.00820012
0
0.030482
0
0.0200981
0
0.0273576
0
0.00737115
0
0.00542401
0
2.54723e-05
0
3.72668e-06
0
0.000141698
0
0.000351603
0
6.29599e-05
0
9.16616e-06
0
1.84584e-05
0
0.000127398
0
0.000714259
0
0.00325006
0
0.0120148
0
0.00159491
0
0.00588293
0
0.00235925
0
0.000640858
0
3.04327e-05
0
0.000192696
0
0.000117186
0
1.84584e-05
0
0.00100954
0
0.000614905
0
0.000306892
0
5.83713e-05
0
9.16616e-06
0
3.72668e-06
0
2.38237e-05
0
0.000125597
0
0.000547962
0
0.00197042
0
0.00133676
0
0.00480427
0
0.00961043
0
0.00267469
0
0.004387
0
3.04327e-05
0
0.000203855
0
0.000123042
0
1.84584e-05
0
0.00111435
0
0.000669378
0
0.000329782
0
6.08569e-05
0
9.16616e-06
0
3.72668e-06
0
2.46616e-05
0
0.000133244
0
0.000588772
0
0.00146132
0
0.00297705
0
0.00497846
0
4.10798e-05
0
0.000276624
0
4.54002e-05
0
0.00030726
0
0.00169761
0
0.00152038
0
0.00682722
0
0.0250191
0
0.00765952
0
0.028211
0
0.0259939
0
0.00702392
0
0.00526793
0
0.00154977
0
0.0011574
0
3.04327e-05
0
0.000207657
0
0.000279219
0
4.10798e-05
0
1.84584e-05
0
0.000126254
0
9.16616e-06
0
6.27823e-05
0
0.000351488
0
0.000705622
0
0.00322044
0
0.00160692
0
0.000654054
0
0.000142974
0
2.55274e-05
0
3.72668e-06
0
0.0339793
0
0.0846211
0
0.0427652
0
0.0171544
0
0.00704688
0
0.0175758
0
0.0359121
0
0.0601098
0
0.0873754
0
0.14626
0
0.289317
0
0.172847
0
0.40307
0
0.203189
0
0.222931
0
0.44176
0
0.395194
0
0.199596
0
0.0819371
0
0.0914184
0
0.0832334
0
4.10798e-05
0
0.000270581
0
4.54002e-05
0
0.000297202
0
0.00160015
0
0.00146526
0
0.00653262
0
0.00709679
0
0.00631212
0
0.00459623
0
0.00143073
0
0.0010473
0
3.04327e-05
0
0.000196788
0
0.000267276
0
4.10798e-05
0
1.84584e-05
0
0.000119069
0
9.16616e-06
0
5.90246e-05
0
0.000312678
0
0.000632001
0
0.00276601
0
0.00995601
0
0.00136572
0
0.00490482
0
0.00198932
0
0.000554539
0
0.000127067
0
2.39961e-05
0
3.72668e-06
0
0.0783966
0
0.193103
0
0.208153
0
0.0848051
0
0.0749508
0
0.1833
0
0.366302
0
0.417145
0
0.388143
0
0.000261051
0
4.10798e-05
0
0.00137415
0
0.00151229
0
0.000287924
0
4.54002e-05
0
4.10798e-05
0
0.000260332
0
0.00136569
0
0.00594502
0
0.00659377
0
0.00600057
0
0.0297146
0
0.0145969
0
0.0356517
0
0.0727841
0
0.146508
0
0.071575
0
0.0289044
0
0.0144276
0
0.00591446
0
0.427729
-3.50216e-06
0.597587
-2.66547e-06
0.798097
-1.7283e-06
0.570964
-2.24852e-06
0.682669
-3.36923e-07
0.912249
-2.64586e-07
0.996806
2.08511e-08
0.871529
1.1844e-07
0.62316
1.23856e-07
0.408307
3.49186e-06
0.557622
2.47574e-06
0.7793
1.91425e-06
0.570169
2.65089e-06
0.891026
2.81052e-07
0.651654
2.99243e-07
0.465684
-3.60692e-06
0.609417
-2.11561e-06
0.833182
-1.43124e-06
0.636601
-2.48496e-06
0.932038
-6.75823e-08
0.712086
-1.01277e-07
0.485892
3.60044e-06
0.650468
2.30442e-06
0.852254
1.30813e-06
0.637255
2.09959e-06
0.336941
-1.98382e-06
0.252197
-3.12814e-06
0.368147
1.52934e-07
0.179003
9.09503e-08
0.163611
-1.27872e-06
0.122327
-2.01972e-06
0.0161829
-4.16649e-07
0.0490054
-1.03228e-06
0.0656242
-6.49742e-07
0.0216953
-2.65685e-07
0.0718918
5.09532e-08
0.0237961
1.46667e-08
0.015766
4.21941e-07
0.0214115
2.92418e-07
0.0645962
7.39977e-07
0.0474941
1.05369e-06
0.160579
1.43592e-06
0.117866
2.04003e-06
0.241883
3.16526e-06
0.32989
2.2539e-06
0.343347
2.43393e-06
0.246557
3.22824e-06
0.39138
2.82602e-07
0.192736
1.59619e-07
0.169551
1.58714e-06
0.122107
2.13669e-06
0.0165946
4.50322e-07
0.0496894
1.10937e-06
0.0687907
8.14784e-07
0.022903
3.23676e-07
0.0779654
7.37733e-08
0.0258781
2.05002e-08
0.0181083
-4.65381e-07
0.0239375
-2.88929e-07
0.0723431
-6.87048e-07
0.0548868
-1.13328e-06
0.179361
-1.30816e-06
0.136457
-2.18653e-06
0.278441
-3.28082e-06
0.36515
-1.93195e-06
0.000775454
-6.66322e-08
0.000208757
-2.16948e-08
0.000623982
-5.22321e-08
0.00231621
-1.60041e-07
4.6083e-05
-5.67566e-09
0.0001379
-1.36934e-08
0.000337191
-2.60834e-08
0.00152256
-9.92646e-08
0.00564231
-3.03625e-07
0.0111902
-4.38174e-07
0.00302853
-1.44048e-07
0.00491964
-1.53428e-07
0.00067303
-3.80601e-08
0.00109806
-4.07465e-08
3.05344e-05
-3.35658e-09
0.000201672
-8.77843e-09
0.000122996
-8.14971e-09
1.85212e-05
-3.09449e-09
6.13662e-05
-5.53991e-09
9.19801e-06
-2.0878e-09
1.24507e-06
-4.46827e-10
3.73996e-06
-1.08758e-09
2.50292e-05
-2.89787e-09
8.34987e-06
-1.1966e-09
0.00446856
-1.36724e-07
0.00274968
-1.28343e-07
0.0099884
-3.8997e-07
0.00102194
-3.72808e-08
0.00062635
-3.47574e-08
0.000313895
-2.38926e-08
0.00138253
-8.87607e-08
0.00503407
-2.69604e-07
0.00070179
-5.98685e-08
0.00207985
-1.42968e-07
0.000570009
-4.70276e-08
0.000192047
-1.97118e-08
0.000129002
-1.26184e-08
4.33497e-05
-5.27494e-09
1.24131e-06
-1.26695e-09
8.07385e-06
-1.03327e-09
2.41256e-05
-2.48116e-09
3.72885e-06
-3.0447e-09
5.89845e-05
-4.71583e-09
9.17101e-06
-5.78511e-09
3.04468e-05
-9.06975e-09
1.84674e-05
-8.47114e-09
0.000118188
-6.88426e-09
0.000193759
-7.37673e-09
0.0302584
-9.70179e-07
0.0152526
-6.70683e-07
0.0380491
-1.30958e-06
0.0755148
-1.89825e-06
0.155414
-2.94364e-06
0.263045
-3.30139e-06
0.0781657
-2.02195e-06
0.132021
-2.25354e-06
0.0181481
-4.84185e-07
0.0541794
-1.18507e-06
0.0321658
-1.06584e-06
0.0108045
-4.39955e-07
0.0156945
-6.92623e-07
0.00528458
-2.88022e-07
0.00212376
-1.48246e-07
0.00629858
-3.5521e-07
0.29505
3.31211e-06
0.182182
3.15757e-06
0.300784
3.42188e-06
0.146379
2.27075e-06
0.0901844
2.15367e-06
0.0452502
1.50051e-06
0.0915662
2.2125e-06
0.151486
2.39989e-06
0.0206295
5.30149e-07
0.0619962
1.26936e-06
0.0374239
1.16961e-06
0.0124436
4.88441e-07
0.0184742
7.90656e-07
0.00613967
3.29198e-07
0.000812524
6.92887e-08
0.0024697
1.70067e-07
0.00743519
4.09104e-07
0.00244675
1.6716e-07
0.0182331
7.77414e-07
0.00600547
3.18816e-07
0.019586
4.93131e-07
0.0120107
4.62184e-07
0.0364077
1.11944e-06
0.059241
1.18283e-06
1.24131e-06
1.38569e-09
8.55042e-06
1.12118e-09
2.31429e-06
3.66255e-10
3.38323e-07
4.52222e-10
4.79445e-05
5.98355e-09
1.29064e-05
1.94444e-09
2.84325e-06
5.08424e-10
5.12739e-07
9.63248e-11
7.54982e-08
1.18623e-10
2.07348e-09
-3.90769e-12
1.37928e-08
2.56144e-11
9.29281e-08
2.01527e-11
1.3838e-08
8.89301e-12
5.12036e-07
1.06092e-10
7.5738e-08
3.88038e-11
1.24519e-06
4.47009e-10
3.3939e-07
1.47162e-10
2.30614e-06
3.98036e-10
8.49057e-06
1.21087e-09
1.28659e-05
1.91453e-09
4.75176e-05
5.84212e-09
0.000217264
2.2396e-08
5.86589e-05
7.33288e-09
0.000218804
2.26308e-08
1.2413e-06
-1.37439e-09
3.38323e-07
-4.48442e-10
2.28905e-06
-3.62113e-10
8.44117e-06
-1.10688e-09
7.5498e-08
-1.1781e-10
5.08408e-07
-9.54021e-11
2.79743e-06
-4.99955e-10
1.26385e-05
-1.90634e-09
4.67834e-05
-5.85091e-09
0.000211007
-2.19411e-08
5.68693e-05
-7.14599e-09
1.25631e-05
-1.8714e-09
2.27652e-06
-3.9403e-10
3.39363e-07
-1.47031e-10
5.0756e-07
-1.052e-10
7.5734e-08
-3.87515e-11
2.07345e-09
3.87613e-12
1.38376e-08
-8.8736e-12
9.25043e-08
-2.00448e-11
1.37928e-08
-2.54986e-11
1.24489e-06
4.4186e-10
3.3932e-07
1.44761e-10
2.19374e-06
3.80566e-10
7.99633e-06
1.15641e-09
7.57261e-08
3.83701e-11
4.93461e-07
1.02024e-10
2.64765e-06
4.69039e-10
1.16876e-05
1.73901e-09
4.23627e-05
5.24346e-09
0.000662975
5.75902e-08
0.00018487
1.94663e-08
5.1204e-05
6.46134e-09
0.000184193
1.92206e-08
1.16606e-05
1.74341e-09
4.21323e-05
5.19747e-09
1.2413e-06
1.27659e-09
7.96644e-06
1.02969e-09
2.18961e-06
3.41769e-10
3.38321e-07
4.23716e-10
4.93241e-07
9.1502e-11
7.54975e-08
1.13397e-10
2.07335e-09
-3.74349e-12
1.37927e-08
2.50152e-11
9.10839e-08
1.95886e-11
1.38366e-08
8.74887e-12
3.38324e-07
-4.22267e-10
2.21714e-06
-3.43508e-10
7.54982e-08
-1.13405e-10
4.98117e-07
-9.24036e-11
2.70277e-06
-4.76808e-10
1.19715e-05
-1.76364e-09
5.32359e-05
-6.60544e-09
0.000194906
-2.00988e-08
1.20561e-05
-1.78773e-09
4.41929e-05
-5.43311e-09
1.2451e-06
-4.35646e-10
8.19432e-06
-1.17161e-09
2.23371e-06
-3.84881e-10
3.39364e-07
-1.43985e-10
4.99448e-07
-1.02629e-10
7.57331e-08
-3.81771e-11
2.07345e-09
3.80426e-12
1.38372e-08
-8.79273e-12
9.16135e-08
-1.96844e-11
1.37928e-08
-2.50581e-11
0.000664147
5.55639e-08
0.000145194
1.46775e-08
0.000359826
2.83637e-08
0.00164924
1.07475e-07
0.00334097
1.59683e-07
0.0055375
1.73353e-07
0.000728085
4.21574e-08
0.00120568
4.57173e-08
3.04465e-05
1.05008e-08
0.000212725
8.50585e-09
0.000128697
7.84611e-09
1.84673e-05
9.70276e-09
6.37342e-05
5.28208e-09
9.17094e-06
6.53485e-09
3.72882e-06
3.38998e-09
2.58024e-05
2.74117e-09
3.04465e-05
-1.06342e-08
0.000211098
-8.49248e-09
0.000285683
-5.73612e-09
4.10978e-05
-7.215e-09
0.00118827
-4.57598e-08
0.00161173
-3.11387e-08
0.00178967
-5.22041e-10
0.000316527
-4.38044e-11
4.54198e-05
-1.6128e-10
4.10978e-05
6.95221e-09
0.000286798
5.67385e-09
0.00162367
3.03173e-08
0.00744917
1.14863e-07
0.0277231
3.49375e-07
0.00820037
-2.03654e-09
0.0304825
-8.3615e-09
0.0200987
-5.28788e-07
0.0273581
-3.63305e-07
0.0073714
-1.18099e-07
0.00542425
-1.72751e-07
2.54765e-05
-2.70893e-09
3.72882e-06
-3.36752e-09
0.000141718
-1.43894e-08
0.000351641
-2.78872e-08
6.29681e-05
-5.22935e-09
9.17093e-06
-6.51387e-09
1.84673e-05
-9.72695e-09
0.000127411
-7.79767e-09
0.000714318
-4.18016e-08
0.00325026
-1.57536e-07
0.0120153
-4.80851e-07
0.00159505
-1.04887e-07
0.00588334
-3.19436e-07
0.00235949
-1.64424e-07
0.000640933
-5.4051e-08
3.04467e-05
9.42189e-09
0.000192713
7.66492e-09
0.000117199
7.0578e-09
1.84673e-05
8.6856e-09
0.00100961
3.79717e-08
0.000614957
3.52174e-08
0.000306925
2.38475e-08
5.83791e-05
4.76301e-09
9.17094e-06
5.88715e-09
3.72881e-06
3.08218e-09
2.38277e-05
2.48958e-09
0.000125615
1.25251e-08
0.000548029
4.63948e-08
0.00197062
1.38943e-07
0.00133688
8.8487e-08
0.00480462
2.6464e-07
0.0096109
3.93182e-07
0.00267487
1.31509e-07
0.00438722
1.42154e-07
3.05387e-05
-3.22461e-09
0.000203901
-8.99099e-09
0.000123071
-8.24206e-09
1.85231e-05
-2.98796e-09
0.00111458
-4.22478e-08
0.000669521
-3.8729e-08
0.000329856
-2.57318e-08
6.08718e-05
-5.51391e-09
9.19872e-06
-2.02439e-09
3.74014e-06
-1.05685e-09
2.4668e-05
-2.86163e-09
0.000133276
-1.33299e-08
0.000588876
-4.95812e-08
0.00146156
-9.62007e-08
0.00297751
-1.46293e-07
0.00497919
-1.61171e-07
4.12224e-05
-2.12458e-09
0.000276685
-6.16494e-09
4.55578e-05
7.51366e-11
0.000307328
-2.07246e-10
0.00169795
-1.09803e-09
0.00152069
-2.94685e-08
0.00682819
-1.16172e-07
0.0250215
-3.53761e-07
0.0076606
-9.67327e-09
0.0282137
-3.02411e-08
0.0259964
3.04072e-07
0.00702491
9.95916e-08
0.00526869
1.59883e-07
0.00155008
2.75556e-08
0.00115764
4.27022e-08
3.05397e-05
3.35552e-09
0.000207704
8.89315e-09
0.000279281
5.80921e-09
4.1223e-05
2.27843e-09
1.85241e-05
3.09201e-09
0.000126283
8.26664e-09
9.19926e-06
2.08558e-09
6.27974e-05
5.61755e-09
0.000351566
2.70933e-08
0.000705772
3.9724e-08
0.00322093
1.50035e-07
0.00160718
1.03171e-07
0.000654166
5.40891e-08
0.000143008
1.41541e-08
2.55339e-05
2.93557e-09
3.7404e-06
1.08686e-09
0.0339816
-1.07273e-06
0.0846243
-2.07378e-06
0.0427672
-1.44875e-06
0.0171557
-7.47028e-07
0.00704749
-3.94367e-07
0.0175768
-7.65299e-07
0.0359133
-1.15245e-06
0.0601108
-1.26609e-06
0.0873774
-2.18067e-06
0.146261
-2.39766e-06
0.289317
-3.42271e-06
0.17285
-3.11484e-06
0.403066
2.20706e-06
0.203188
1.56219e-06
0.22293
-5.44776e-08
0.441754
-9.13064e-08
0.39519
-2.3672e-06
0.199596
-1.65622e-06
0.0819377
-8.70512e-07
0.0914187
-2.24027e-08
0.0832339
8.32864e-07
4.12153e-05
-2.266e-09
0.00027064
-5.76525e-09
4.55487e-05
-3.34159e-11
0.000297267
1.17401e-10
0.00160047
8.56903e-10
0.00146555
-2.63112e-08
0.00653355
-9.65909e-08
0.00709779
6.26277e-09
0.00631302
1.07194e-07
0.0045969
1.51384e-07
0.00143101
2.769e-08
0.00104751
3.99618e-08
3.0532e-05
3.30434e-09
0.000196832
8.76312e-09
0.000267335
5.95527e-09
4.12137e-05
2.19641e-09
1.85193e-05
3.04344e-09
0.000119096
8.04661e-09
9.19688e-06
2.0636e-09
5.90388e-05
5.40468e-09
0.000312747
2.45475e-08
0.000632133
3.6657e-08
0.00276643
1.38108e-07
0.00995707
4.11328e-07
0.00136594
9.1678e-08
0.00490539
2.72167e-07
0.00198957
1.41021e-07
0.000554636
4.75503e-08
0.000127097
1.27662e-08
2.40022e-05
2.81066e-09
3.73945e-06
1.07371e-09
0.0784011
7.06652e-07
0.193109
1.34459e-06
0.208159
-2.04228e-07
0.0848099
-1.04528e-07
0.0749552
-8.86544e-07
0.183305
-1.70019e-06
0.366305
-2.52692e-06
0.417147
-3.54784e-07
0.388146
1.92077e-06
0.000261071
-4.7804e-09
4.10981e-05
-5.94704e-09
0.00137423
-2.42885e-08
0.00151237
8.38754e-10
0.000287946
2.53198e-10
4.54201e-05
2.41203e-10
4.1098e-05
6.39623e-09
0.000260353
5.24368e-09
0.00136577
2.59003e-08
0.00594525
9.87319e-08
0.00659401
6.58079e-09
0.0060008
-8.66272e-08
0.0297167
1.00629e-06
0.014598
6.6141e-07
0.0356534
1.26274e-06
0.072787
1.93409e-06
0.146511
2.91788e-06
0.0715769
1.89213e-06
0.0289055
9.75964e-07
0.0144285
6.53139e-07
0.00591499
3.42025e-07
0.427723
-1.40075e-05
0.597574
-1.06608e-05
0.798057
-6.91243e-06
0.570941
-8.99326e-06
0.68265
-1.34761e-06
0.9122
-1.05824e-06
0.996745
8.33963e-08
0.87148
4.73691e-07
0.62313
4.9541e-07
0.408302
1.39664e-05
0.557601
9.90208e-06
0.779263
7.65612e-06
0.570158
1.06025e-05
0.890981
1.1241e-06
0.651639
1.19691e-06
0.465678
-1.44263e-05
0.609404
-8.46167e-06
0.833141
-5.7244e-06
0.636575
-9.93884e-06
0.931982
-2.70296e-07
0.71205
-4.05071e-07
0.485884
1.44004e-05
0.65044
9.21671e-06
0.852211
5.23201e-06
0.637239
8.39755e-06
0.336933
-7.93468e-06
0.252198
-1.25117e-05
0.368136
6.11665e-07
0.179002
3.63788e-07
0.163611
-5.11462e-06
0.12233
-8.07856e-06
0.0161844
-1.66666e-06
0.0490082
-4.12908e-06
0.0656261
-2.59893e-06
0.0216967
-1.06277e-06
0.0718932
2.038e-07
0.0237975
5.86738e-08
0.0157675
1.68784e-06
0.0214129
1.16971e-06
0.0645982
2.95985e-06
0.047497
4.21474e-06
0.160579
5.74344e-06
0.11787
8.15985e-06
0.241884
1.26602e-05
0.329883
9.01485e-06
0.343357
9.73489e-06
0.246566
1.29122e-05
0.391389
1.13035e-06
0.192753
6.38463e-07
0.169567
6.3482e-06
0.12212
8.54646e-06
0.0165995
1.80136e-06
0.0496989
4.43746e-06
0.0688031
3.25906e-06
0.0229096
1.29473e-06
0.0779792
2.95096e-07
0.0258854
8.20064e-08
0.0181137
-1.86158e-06
0.0239444
-1.15575e-06
0.0723561
-2.74815e-06
0.0548972
-4.53306e-06
0.179378
-5.23241e-06
0.13647
-8.74572e-06
0.278451
-1.31223e-05
0.365159
-7.72722e-06
0.000775779
-2.66573e-07
0.000208875
-8.67985e-08
0.000624305
-2.08965e-07
0.00231707
-6.4024e-07
4.61177e-05
-2.27095e-08
0.000137997
-5.47876e-08
0.000337414
-1.04356e-07
0.0015233
-3.97112e-07
0.00564423
-1.2146e-06
0.0111937
-1.75279e-06
0.0030299
-5.76253e-07
0.00492179
-6.13763e-07
0.000673454
-1.52269e-07
0.00109873
-1.63013e-07
3.08392e-05
-1.34327e-08
0.000201807
-3.51181e-08
0.000123081
-3.26036e-08
1.87094e-05
-1.23841e-08
6.14104e-05
-2.21636e-08
9.29353e-06
-8.35565e-09
1.25873e-06
-1.78845e-09
3.7798e-06
-4.35285e-09
2.50483e-05
-1.1594e-08
8.35667e-06
-4.78772e-09
0.0044692
-5.46945e-07
0.00275021
-5.13428e-07
0.00998982
-1.55997e-06
0.00102214
-1.49146e-07
0.000626506
-1.39054e-07
0.000313996
-9.55897e-08
0.0013829
-3.55092e-07
0.00503514
-1.07851e-06
0.000702088
-2.39515e-07
0.00208049
-5.71943e-07
0.000570215
-1.88144e-07
0.00019214
-7.88652e-08
0.000129057
-5.04861e-08
4.33735e-05
-2.1106e-08
1.24372e-06
-5.06867e-09
8.0789e-06
-4.13519e-09
2.41376e-05
-9.92918e-09
3.73534e-06
-1.21802e-08
5.90078e-05
-1.88711e-08
9.18556e-06
-2.31422e-08
3.04891e-05
-3.62799e-08
1.84946e-05
-3.3886e-08
0.000118225
-2.75475e-08
0.000193811
-2.95176e-08
0.0302616
-3.88076e-06
0.0152552
-2.68283e-06
0.0380543
-5.23834e-06
0.0755202
-7.59285e-06
0.155421
-1.17739e-05
0.263053
-1.32047e-05
0.0781747
-8.08759e-06
0.132034
-9.01381e-06
0.0181535
-1.93682e-06
0.0541895
-4.74025e-06
0.0321724
-4.26339e-06
0.010808
-1.75991e-06
0.0156981
-2.77061e-06
0.00528639
-1.15219e-06
0.00212457
-5.93054e-07
0.00630024
-1.42095e-06
0.295058
1.32474e-05
0.182189
1.26296e-05
0.300783
1.36866e-05
0.146392
9.08253e-06
0.0901943
8.61446e-06
0.0452562
6.00202e-06
0.0915721
8.84974e-06
0.151489
9.59908e-06
0.0206313
2.12066e-06
0.0619991
5.0774e-06
0.0374274
4.67848e-06
0.0124452
1.95386e-06
0.0184772
3.16273e-06
0.00614092
1.31689e-06
0.000812863
2.772e-07
0.00247044
6.80348e-07
0.00743708
1.63653e-06
0.00244766
6.68719e-07
0.0182371
3.10976e-06
0.00600749
1.27536e-06
0.0195918
1.97258e-06
0.0120145
1.84883e-06
0.0364149
4.47781e-06
0.0592518
4.73124e-06
1.24369e-06
5.54371e-09
8.55572e-06
4.48708e-09
2.3161e-06
1.46589e-09
3.3906e-07
1.80932e-09
4.79707e-05
2.39412e-08
1.29155e-05
7.78053e-09
2.84583e-06
2.0346e-09
5.13248e-07
3.85565e-10
7.56867e-08
4.74648e-10
2.11038e-09
-1.56051e-11
1.3829e-08
1.02486e-10
9.30262e-08
8.06647e-11
1.40095e-08
3.55994e-11
5.12531e-07
4.24543e-10
7.66456e-08
1.55342e-10
1.25922e-06
1.78918e-09
3.43324e-07
5.8907e-10
2.30817e-06
1.59269e-09
8.49749e-06
4.84482e-09
1.28765e-05
7.66093e-09
4.75537e-05
2.33755e-08
0.000217386
8.9604e-08
5.86954e-05
2.93399e-08
0.000218908
9.05434e-08
1.24369e-06
-5.4985e-09
3.39057e-07
-1.79419e-09
2.29084e-06
-1.44932e-09
8.44641e-06
-4.42988e-09
7.5686e-08
-4.71393e-10
5.08911e-07
-3.81871e-10
2.79996e-06
-2.0007e-09
1.26473e-05
-7.62806e-09
4.6809e-05
-2.34105e-08
0.000211107
-8.77841e-08
5.69049e-05
-2.85922e-08
1.25734e-05
-7.48838e-09
2.27852e-06
-1.57665e-09
3.43219e-07
-5.88545e-10
5.0805e-07
-4.20972e-10
7.66296e-08
-1.55133e-10
2.11026e-09
1.5479e-11
1.40079e-08
-3.55217e-11
9.26018e-08
-8.02326e-11
1.38288e-08
-1.02023e-10
1.25801e-06
1.76858e-09
3.43044e-07
5.79461e-10
2.19568e-06
1.52277e-09
8.00284e-06
4.6269e-09
7.6598e-08
1.53606e-10
4.93936e-07
4.08265e-10
2.65003e-06
1.877e-09
1.16972e-05
6.95865e-09
4.23945e-05
2.09804e-08
0.000663258
2.30401e-07
0.000184976
7.78829e-08
5.12366e-05
2.58528e-08
0.000184282
7.69001e-08
1.16689e-05
6.97617e-09
4.21555e-05
2.07961e-08
1.24367e-06
5.10723e-09
7.97147e-06
4.12089e-09
2.19133e-06
1.36788e-09
3.39049e-07
1.69527e-09
4.9373e-07
3.66258e-10
7.56839e-08
4.53736e-10
2.10987e-09
-1.4949e-11
1.38283e-08
1.00088e-10
9.11797e-08
7.84059e-11
1.4004e-08
3.50225e-11
3.39062e-07
-1.68947e-09
2.21889e-06
-1.37483e-09
7.56867e-08
-4.53766e-10
4.98611e-07
-3.69866e-10
2.70521e-06
-1.90809e-09
1.198e-05
-7.0571e-09
5.32698e-05
-2.64293e-08
0.000195019
-8.04137e-08
1.20661e-05
-7.15358e-09
4.42266e-05
-2.17392e-08
1.25885e-06
-1.74373e-09
8.2011e-06
-4.68774e-09
2.23571e-06
-1.54004e-09
3.43221e-07
-5.76362e-10
4.99933e-07
-4.10685e-10
7.66263e-08
-1.52834e-10
2.11027e-09
1.5192e-11
1.40064e-08
-3.51982e-11
9.17103e-08
-7.87893e-11
1.38286e-08
-1.0026e-10
0.000664379
2.22294e-07
0.000145255
5.87242e-08
0.000359942
1.13478e-07
0.00164966
4.29958e-07
0.00334158
6.38799e-07
0.00553823
6.93474e-07
0.000728264
1.68658e-07
0.00120591
1.82897e-07
3.0488e-05
4.20043e-08
0.000212779
3.40362e-08
0.000128737
3.13969e-08
1.8494e-05
3.8813e-08
6.37588e-05
2.11374e-08
9.1853e-06
2.61415e-08
3.73525e-06
1.35615e-08
2.5815e-05
1.09699e-08
3.0488e-05
-4.25378e-08
0.000211152
-3.39828e-08
0.000285748
-2.29529e-08
4.11518e-05
-2.88602e-08
0.0011885
-1.83066e-07
0.001612
-1.24572e-07
0.00178995
-2.08815e-09
0.000316594
-1.75428e-10
4.54788e-05
-6.44839e-10
4.11518e-05
2.78095e-08
0.000286863
2.27035e-08
0.00162394
1.21286e-07
0.00744993
4.59487e-07
0.0277247
1.39752e-06
0.00820113
-8.14691e-09
0.030484
-3.34452e-08
0.0201004
-2.11522e-06
0.0273597
-1.45325e-06
0.00737216
-4.72434e-07
0.00542497
-6.91065e-07
2.5489e-05
-1.08409e-08
3.73523e-06
-1.34717e-08
0.000141778
-5.75713e-08
0.000351754
-1.11571e-07
6.29925e-05
-2.09264e-08
9.18526e-06
-2.60575e-08
1.8494e-05
-3.89096e-08
0.000127451
-3.12032e-08
0.000714495
-1.67235e-07
0.00325086
-6.30213e-07
0.012017
-1.9235e-06
0.00159546
-4.19604e-07
0.00588456
-1.27785e-06
0.0023602
-6.57774e-07
0.000641159
-2.16242e-07
3.04885e-05
3.76885e-08
0.000192765
3.06704e-08
0.000117237
2.82418e-08
1.84941e-05
3.47441e-08
0.00100981
1.51911e-07
0.000615112
1.40895e-07
0.000307026
9.54101e-08
5.84025e-05
1.90599e-08
9.18529e-06
2.35504e-08
3.73521e-06
1.23302e-08
2.38397e-05
9.96289e-09
0.000125668
5.01127e-08
0.00054823
1.85612e-07
0.00197123
5.55841e-07
0.00133724
3.53998e-07
0.00480566
1.05866e-06
0.00961231
1.57282e-06
0.0026754
5.26094e-07
0.00438787
5.68665e-07
3.08564e-05
-1.29048e-08
0.00020404
-3.59686e-08
0.000123157
-3.29732e-08
1.87173e-05
-1.1958e-08
0.00111527
-1.69019e-07
0.000669949
-1.54945e-07
0.000330077
-1.0295e-07
6.09165e-05
-2.20597e-08
9.29636e-06
-8.102e-09
3.78053e-06
-4.22993e-09
2.46871e-05
-1.14491e-08
0.00013337
-5.33332e-08
0.000589187
-1.9836e-07
0.00146227
-3.84857e-07
0.00297888
-5.85233e-07
0.00498138
-6.44741e-07
4.16499e-05
-8.5024e-09
0.00027687
-2.46626e-08
4.60306e-05
3.00623e-10
0.000307531
-8.29043e-10
0.00169897
-4.39284e-09
0.00152161
-1.17892e-07
0.00683111
-4.64719e-07
0.0250287
-1.41507e-06
0.00766383
-3.86949e-08
0.0282216
-1.20969e-07
0.0260038
1.21632e-06
0.0070279
3.98399e-07
0.00527098
6.39586e-07
0.00155102
1.10239e-07
0.00115835
1.70836e-07
3.08606e-05
1.34285e-08
0.000207844
3.55773e-08
0.000279466
2.32397e-08
4.16526e-05
9.1179e-09
1.87209e-05
1.23742e-08
0.000126371
3.30716e-08
9.29855e-06
8.34675e-09
6.28428e-05
2.24743e-08
0.000351801
1.08396e-07
0.000706222
1.58925e-07
0.00322238
6.00206e-07
0.00160795
4.12738e-07
0.000654503
2.16394e-07
0.000143109
5.66305e-08
2.55534e-05
1.17449e-08
3.78156e-06
4.34995e-09
0.0339885
-4.29096e-06
0.084634
-8.29494e-06
0.042773
-5.79498e-06
0.0171596
-2.98821e-06
0.00704931
-1.57758e-06
0.0175797
-3.0613e-06
0.0359168
-4.60984e-06
0.0601138
-5.06429e-06
0.0873835
-8.72241e-06
0.146264
-9.59018e-06
0.289317
-1.36899e-05
0.172858
-1.24587e-05
0.403054
8.82755e-06
0.203187
6.24838e-06
0.222926
-2.17895e-07
0.441738
-3.65191e-07
0.395179
-9.46803e-06
0.199594
-6.6245e-06
0.0819394
-3.48197e-06
0.0914197
-8.96096e-08
0.0832356
3.33138e-06
4.16217e-05
-9.06809e-09
0.000270818
-2.30636e-08
4.59941e-05
-1.33595e-10
0.000297461
4.69613e-10
0.00160141
3.42823e-09
0.00146642
-1.05261e-07
0.00653632
-3.86395e-07
0.00710079
2.5053e-08
0.00631571
4.28806e-07
0.00459892
6.05589e-07
0.00143186
1.10777e-07
0.00104815
1.59874e-07
3.08298e-05
1.32238e-08
0.000196964
3.50568e-08
0.00026751
2.38237e-08
4.16152e-05
8.78987e-09
1.87018e-05
1.21799e-08
0.000119179
3.21911e-08
9.28903e-06
8.25885e-09
5.90813e-05
2.16225e-08
0.000312952
9.82118e-08
0.00063253
1.46655e-07
0.0027677
5.52494e-07
0.00996026
1.6454e-06
0.00136661
3.66764e-07
0.00490708
1.08876e-06
0.00199033
5.64155e-07
0.000554927
1.90235e-07
0.000127185
5.10779e-08
2.40205e-05
1.12451e-08
3.77777e-06
4.29735e-09
0.0784147
2.82656e-06
0.193125
5.37809e-06
0.208176
-8.16886e-07
0.0848244
-4.18107e-07
0.0749683
-3.54608e-06
0.183321
-6.80034e-06
0.366313
-1.01068e-05
0.417155
-1.41904e-06
0.388153
7.68251e-06
0.000261133
-1.91285e-08
4.1153e-05
-2.37884e-08
0.00137446
-9.71667e-08
0.00151261
3.35669e-09
0.000288011
1.01272e-09
4.548e-05
9.6486e-10
4.11527e-05
2.55853e-08
0.000260414
2.09816e-08
0.001366
1.03617e-07
0.00594596
3.94955e-07
0.00659471
2.6321e-08
0.0060015
-3.4654e-07
0.0297229
4.02519e-06
0.0146015
2.64575e-06
0.0356586
5.051e-06
0.0727959
7.73619e-06
0.146519
1.16709e-05
0.0715824
7.56838e-06
0.0289086
3.9039e-06
0.014431
2.61266e-06
0.00591658
1.3682e-06
0.427713
-3.15143e-05
0.59755
-2.39844e-05
0.797992
-1.55512e-05
0.570903
-2.0233e-05
0.68262
-3.03193e-06
0.912119
-2.3808e-06
0.996643
1.87624e-07
0.871397
1.06565e-06
0.62308
1.11464e-06
0.408296
3.14219e-05
0.557566
2.22777e-05
0.779202
1.72243e-05
0.57014
2.38532e-05
0.890905
2.52898e-06
0.651613
2.69292e-06
0.465668
-3.24563e-05
0.609382
-1.9037e-05
0.833073
-1.28786e-05
0.636532
-2.23601e-05
0.931891
-6.08093e-07
0.711989
-9.11323e-07
0.485871
3.23979e-05
0.650393
2.07354e-05
0.852138
1.17708e-05
0.637212
1.88927e-05
0.33692
-1.78516e-05
0.252199
-2.81493e-05
0.368116
1.37608e-06
0.178999
8.18495e-07
0.16361
-1.15073e-05
0.122335
-1.81761e-05
0.0161869
-3.75013e-06
0.0490127
-9.29036e-06
0.0656292
-5.84751e-06
0.021699
-2.39129e-06
0.0718957
4.58519e-07
0.0237997
1.32031e-07
0.0157701
3.7978e-06
0.0214153
2.63194e-06
0.0646015
6.65954e-06
0.0475017
9.48311e-06
0.160579
1.29222e-05
0.117875
1.8359e-05
0.241887
2.84835e-05
0.329871
2.02817e-05
0.343373
2.19017e-05
0.246582
2.90506e-05
0.391405
2.54318e-06
0.192781
1.43651e-06
0.169593
1.42826e-05
0.122141
1.92288e-05
0.0166079
4.05323e-06
0.0497148
9.98426e-06
0.0688239
7.33272e-06
0.0229207
2.91322e-06
0.0780021
6.63972e-07
0.0258977
1.84527e-07
0.0181227
-4.1887e-06
0.0239559
-2.60052e-06
0.0723776
-6.18326e-06
0.0549143
-1.01993e-05
0.179405
-1.17724e-05
0.136493
-1.96769e-05
0.278466
-2.9523e-05
0.365175
-1.7385e-05
0.00077632
-5.99887e-07
0.000209072
-1.9534e-07
0.000624843
-4.70253e-07
0.00231852
-1.44071e-06
4.61756e-05
-5.1112e-08
0.000138158
-1.23303e-07
0.000337785
-2.3485e-07
0.00152451
-8.93623e-07
0.00564743
-2.73306e-06
0.0111996
-3.944e-06
0.00303219
-1.29671e-06
0.00492536
-1.38109e-06
0.00067416
-3.42668e-07
0.00109984
-3.66839e-07
3.13471e-05
-3.02377e-08
0.000202032
-7.90257e-08
0.000123223
-7.3369e-08
1.9023e-05
-2.7878e-08
6.14841e-05
-4.9877e-08
9.45269e-06
-1.88102e-08
1.2815e-06
-4.02658e-09
3.84618e-06
-9.79956e-09
2.50801e-05
-2.60923e-08
8.36801e-06
-1.07753e-08
0.00447028
-1.23074e-06
0.0027511
-1.15534e-06
0.00999218
-3.51015e-06
0.00102247
-3.35629e-07
0.000626765
-3.12925e-07
0.000314165
-2.15121e-07
0.00138351
-7.99068e-07
0.00503691
-2.42686e-06
0.000702585
-5.39001e-07
0.00208155
-1.28703e-06
0.000570558
-4.23398e-07
0.000192295
-1.77487e-07
0.000129147
-1.13621e-07
4.34131e-05
-4.75025e-08
1.24774e-06
-1.14064e-08
8.08734e-06
-9.30893e-09
2.41575e-05
-2.23508e-08
3.74617e-06
-2.74087e-08
5.90466e-05
-4.24775e-08
9.20982e-06
-5.20738e-08
3.05595e-05
-8.16317e-08
1.85398e-05
-7.6247e-08
0.000118288
-6.20056e-08
0.000193897
-6.64387e-08
0.0302668
-8.73182e-06
0.0152596
-6.0366e-06
0.0380631
-1.17863e-05
0.0755293
-1.70836e-05
0.155434
-2.649e-05
0.263067
-2.97087e-05
0.0781897
-1.81966e-05
0.132055
-2.02803e-05
0.0181625
-4.35801e-06
0.0542062
-1.06655e-05
0.0321833
-9.59271e-06
0.0108137
-3.96001e-06
0.0157041
-6.23412e-06
0.00528942
-2.59265e-06
0.00212591
-1.33453e-06
0.00630301
-3.19737e-06
0.295072
2.98045e-05
0.182202
2.84152e-05
0.300782
3.07926e-05
0.146416
2.04347e-05
0.0902108
1.9382e-05
0.0452662
1.35045e-05
0.091582
1.99113e-05
0.151494
2.15969e-05
0.0206342
4.77163e-06
0.062004
1.1424e-05
0.0374333
1.05266e-05
0.012448
4.3964e-06
0.0184823
7.11637e-06
0.00614301
2.96324e-06
0.000813427
6.238e-07
0.00247166
1.53096e-06
0.00744023
3.68245e-06
0.00244918
1.50479e-06
0.0182439
6.99717e-06
0.00601087
2.86979e-06
0.0196014
4.43844e-06
0.0120207
4.16009e-06
0.0364269
1.00752e-05
0.0592698
1.06451e-05
1.24767e-06
1.24755e-08
8.56456e-06
1.01013e-08
2.31912e-06
3.30023e-09
3.40288e-07
4.07193e-09
4.80144e-05
5.38833e-08
1.29306e-05
1.75124e-08
2.85013e-06
4.57986e-09
5.14096e-07
8.68119e-10
7.60011e-08
1.06831e-09
2.1719e-09
-3.50539e-11
1.38893e-08
2.30656e-10
9.31899e-08
1.81617e-10
1.42953e-08
8.01604e-11
5.13356e-07
9.55616e-10
7.81582e-08
3.49806e-10
1.2826e-06
4.02822e-09
3.49879e-07
1.32635e-09
2.31156e-06
3.58477e-09
8.50904e-06
1.09038e-08
1.28942e-05
1.72434e-08
4.76139e-05
5.26108e-08
0.00021759
2.01654e-07
5.87563e-05
6.60336e-08
0.00021908
2.03768e-07
1.24766e-06
-1.23738e-08
3.40281e-07
-4.0379e-09
2.29383e-06
-3.26291e-09
8.45515e-06
-9.97251e-09
7.59994e-08
-1.06098e-09
5.09751e-07
-8.59802e-10
2.80417e-06
-4.50357e-09
1.26621e-05
-1.71692e-08
4.68517e-05
-5.2689e-08
0.000211274
-1.97559e-07
5.69641e-05
-6.43508e-08
1.25906e-05
-1.68551e-08
2.28187e-06
-3.54867e-09
3.49645e-07
-1.32517e-09
5.08867e-07
-9.47576e-10
7.81222e-08
-3.49334e-10
2.17162e-09
3.47704e-11
1.42917e-08
-7.99853e-11
9.27646e-08
-1.80644e-10
1.38889e-08
-2.29614e-10
1.27988e-06
3.98188e-09
3.49249e-07
1.30473e-09
2.1989e-06
3.42739e-09
8.01371e-06
1.04133e-08
7.80511e-08
3.45895e-10
4.94729e-07
9.18973e-10
2.654e-06
4.22513e-09
1.17131e-05
1.56628e-08
4.24476e-05
4.72205e-08
0.000663729
5.18491e-07
0.000185153
1.75277e-07
5.12908e-05
5.81857e-08
0.000184432
1.73065e-07
1.16826e-05
1.5702e-08
4.21941e-05
4.68052e-08
1.24762e-06
1.14933e-08
7.97985e-06
9.27677e-09
2.19422e-06
3.07953e-09
3.40263e-07
3.81526e-09
4.94545e-07
8.24641e-10
7.59948e-08
1.02124e-09
2.17074e-09
-3.35792e-11
1.38878e-08
2.2526e-10
9.13396e-08
1.7653e-10
1.42831e-08
7.88613e-11
3.40293e-07
-3.80219e-09
2.2218e-06
-3.09517e-09
7.60012e-08
-1.02131e-09
4.99436e-07
-8.32762e-10
2.7093e-06
-4.29511e-09
1.19941e-05
-1.58842e-08
5.33264e-05
-5.9483e-08
0.000195206
-1.80972e-07
1.20827e-05
-1.61015e-08
4.42827e-05
-4.89285e-08
1.28178e-06
-3.92598e-09
8.21242e-06
-1.05503e-08
2.23904e-06
-3.46627e-09
3.49648e-07
-1.29776e-09
5.00743e-07
-9.24422e-10
7.81147e-08
-3.44161e-10
2.17165e-09
3.41257e-11
1.42883e-08
-7.92573e-11
9.18718e-08
-1.77392e-10
1.38885e-08
-2.25646e-10
0.000664765
5.0025e-07
0.000145357
1.32161e-07
0.000360134
2.55375e-07
0.00165035
9.67537e-07
0.00334258
1.43745e-06
0.00553944
1.56045e-06
0.000728563
3.79545e-07
0.0012063
4.11579e-07
3.05572e-05
9.45126e-08
0.00021287
7.66101e-08
0.000128803
7.06712e-08
1.85386e-05
8.73335e-08
6.37999e-05
4.75797e-08
9.20923e-06
5.8823e-08
3.74596e-06
3.05171e-08
2.58361e-05
2.4694e-08
3.05571e-05
-9.57122e-08
0.000211243
-7.64905e-08
0.000285855
-5.16631e-08
4.12418e-05
-6.49358e-08
0.00118889
-4.11961e-07
0.00161244
-2.80324e-07
0.00179041
-4.6983e-09
0.000316707
-3.95187e-10
4.5577e-05
-1.45026e-09
4.12419e-05
6.25728e-08
0.00028697
5.11011e-08
0.00162438
2.72931e-07
0.0074512
1.03392e-06
0.0277273
3.14449e-06
0.0082024
-1.83322e-08
0.0304864
-7.52499e-08
0.0201034
-4.75938e-06
0.0273624
-3.26986e-06
0.00737343
-1.06306e-06
0.00542618
-1.55503e-06
2.55098e-05
-2.44036e-08
3.74591e-06
-3.03149e-08
0.000141877
-1.29567e-07
0.000351944
-2.51085e-07
6.30333e-05
-4.71048e-08
9.20914e-06
-5.86339e-08
1.85384e-05
-8.75506e-08
0.000127517
-7.02353e-08
0.000714791
-3.76341e-07
0.00325185
-1.41813e-06
0.0120197
-4.32809e-06
0.00159614
-9.44239e-07
0.00588659
-2.87538e-06
0.00236138
-1.48016e-06
0.000641535
-4.86631e-07
3.05583e-05
8.48013e-08
0.000192852
6.90324e-08
0.0001173
6.35679e-08
1.85388e-05
7.81781e-08
0.00101015
3.41855e-07
0.000615371
3.17071e-07
0.000307193
2.14718e-07
5.84414e-05
4.29024e-08
9.20921e-06
5.29927e-08
3.74588e-06
2.77463e-08
2.38596e-05
2.24267e-08
0.000125757
1.12782e-07
0.000548565
4.17703e-07
0.00197225
1.2508e-06
0.00133785
7.96607e-07
0.00480739
2.38219e-06
0.00961467
3.53907e-06
0.00267629
1.18384e-06
0.00438895
1.27961e-06
3.13858e-05
-2.905e-08
0.000204272
-8.094e-08
0.000123302
-7.42009e-08
1.90407e-05
-2.69195e-08
0.00111642
-3.80357e-07
0.000670663
-3.4869e-07
0.000330445
-2.31688e-07
6.0991e-05
-4.96434e-08
9.45905e-06
-1.82396e-08
3.84782e-06
-9.52303e-09
2.4719e-05
-2.57662e-08
0.000133528
-1.20031e-07
0.000589706
-4.46389e-07
0.00146347
-8.66051e-07
0.00298117
-1.31692e-06
0.00498503
-1.4508e-06
4.23621e-05
-1.91395e-08
0.000277178
-5.54974e-08
4.68183e-05
6.76574e-10
0.00030787
-1.86548e-09
0.00170068
-9.88549e-09
0.00152315
-2.65295e-07
0.00683598
-1.04569e-06
0.0250406
-3.18397e-06
0.00766922
-8.70676e-08
0.0282349
-2.7219e-07
0.0260161
2.73679e-06
0.00703287
8.96473e-07
0.0052748
1.43919e-06
0.00155259
2.48076e-07
0.00115955
3.84443e-07
3.13952e-05
3.02284e-08
0.000208077
8.00594e-08
0.000279775
5.22956e-08
4.23683e-05
2.05247e-08
1.9049e-05
2.78558e-08
0.000126517
7.44226e-08
9.46397e-06
1.87902e-08
6.29186e-05
5.05764e-08
0.000352192
2.43942e-07
0.000706973
3.57646e-07
0.00322481
1.35061e-06
0.00160923
9.28784e-07
0.000655065
4.86971e-07
0.000143278
1.27451e-07
2.55859e-05
2.64319e-08
3.85013e-06
9.79306e-09
0.034
-9.65476e-06
0.0846502
-1.86632e-05
0.0427828
-1.30387e-05
0.0171661
-6.7237e-06
0.00705234
-3.54981e-06
0.0175846
-6.88818e-06
0.0359227
-1.03722e-05
0.0601188
-1.13945e-05
0.0873935
-1.96248e-05
0.146269
-2.15769e-05
0.289317
-3.08002e-05
0.172872
-2.80307e-05
0.403035
1.98604e-05
0.203184
1.4058e-05
0.22292
-4.9023e-07
0.44171
-8.21603e-07
0.395161
-2.13014e-05
0.199592
-1.49042e-05
0.0819423
-7.83425e-06
0.0914214
-2.01619e-07
0.0832383
7.49542e-06
4.22987e-05
-2.04124e-08
0.000271115
-5.18992e-08
4.67362e-05
-3.00434e-10
0.000297785
1.05665e-09
0.00160299
7.71491e-09
0.00146788
-2.36874e-07
0.00654095
-8.6946e-07
0.00710578
5.63734e-08
0.00632021
9.64885e-07
0.00460228
1.3627e-06
0.00143328
2.49286e-07
0.0010492
3.59777e-07
3.13259e-05
2.97679e-08
0.000197183
7.88875e-08
0.000267803
5.36091e-08
4.22842e-05
1.97867e-08
1.9006e-05
2.74188e-08
0.000119316
7.24404e-08
9.44256e-06
1.85924e-08
5.91523e-05
4.86593e-08
0.000313296
2.21025e-07
0.000633192
3.30037e-07
0.00276982
1.24325e-06
0.00996557
3.70237e-06
0.00136772
8.25335e-07
0.00490991
2.44993e-06
0.0019916
1.2695e-06
0.000555413
4.28105e-07
0.000127334
1.14955e-07
2.4051e-05
2.5307e-08
3.8416e-06
9.6747e-09
0.0784373
6.35967e-06
0.193153
1.21001e-05
0.208205
-1.83794e-06
0.0848485
-9.40729e-07
0.0749902
-7.97847e-06
0.183348
-1.52999e-05
0.366326
-2.27384e-05
0.417167
-3.19264e-06
0.388166
1.72844e-05
0.000261235
-4.30548e-08
4.12445e-05
-5.35243e-08
0.00137484
-2.18654e-07
0.00151301
7.55633e-09
0.000288119
2.27844e-09
4.55797e-05
2.17104e-09
4.12438e-05
5.75676e-08
0.000260517
4.72241e-08
0.00136638
2.33174e-07
0.00594712
8.88712e-07
0.00659589
5.92174e-08
0.00600265
-7.79784e-07
0.0297333
9.05677e-06
0.0146072
5.9532e-06
0.0356671
1.13649e-05
0.0728105
1.7406e-05
0.146532
2.62583e-05
0.0715917
1.70285e-05
0.0289139
8.78389e-06
0.0144353
5.87874e-06
0.00591923
3.0787e-06
0.427699
-5.60198e-05
0.597518
-4.26335e-05
0.7979
-2.76428e-05
0.570849
-3.59656e-05
0.682577
-5.38967e-06
0.912006
-4.232e-06
0.996501
3.33513e-07
0.87128
1.89413e-06
0.62301
1.98152e-06
0.408286
5.58557e-05
0.557516
3.96005e-05
0.779117
3.06167e-05
0.570114
4.24003e-05
0.890799
4.49542e-06
0.651578
4.78713e-06
0.465653
-5.76934e-05
0.609352
-3.38398e-05
0.832978
-2.28924e-05
0.636471
-3.97462e-05
0.931762
-1.08089e-06
0.711905
-1.61994e-06
0.485853
5.75895e-05
0.650328
3.68582e-05
0.852036
2.09233e-05
0.637175
3.35831e-05
0.336901
-3.17331e-05
0.252201
-5.00388e-05
0.368089
2.44601e-06
0.178995
1.45504e-06
0.163609
-2.04563e-05
0.122342
-3.23114e-05
0.0161904
-6.66721e-06
0.0490191
-1.65161e-05
0.0656336
-1.03954e-05
0.0217023
-4.25133e-06
0.0718991
8.1508e-07
0.0238029
2.34756e-07
0.0157736
6.75202e-06
0.0214187
4.67922e-06
0.0646062
1.18389e-05
0.0475083
1.68587e-05
0.160579
2.29715e-05
0.117883
3.26369e-05
0.241891
5.06329e-05
0.329855
3.60527e-05
0.343395
3.89322e-05
0.246604
5.16415e-05
0.391427
4.52093e-06
0.192822
2.55373e-06
0.16963
2.53896e-05
0.12217
3.41831e-05
0.0166195
7.20611e-06
0.049737
1.77497e-05
0.068853
1.30356e-05
0.0229362
5.1792e-06
0.0780343
1.18041e-06
0.025915
3.28077e-07
0.0181352
-7.44689e-06
0.0239719
-4.62331e-06
0.0724078
-1.09923e-05
0.0549384
-1.81318e-05
0.179443
-2.09274e-05
0.136525
-3.49792e-05
0.278488
-5.24805e-05
0.365197
-3.09038e-05
0.000777078
-1.06669e-06
0.000209347
-3.47368e-07
0.000625595
-8.36187e-07
0.00232054
-2.56164e-06
4.62567e-05
-9.09003e-08
0.000138384
-2.19275e-07
0.000338305
-4.17623e-07
0.00152622
-1.58893e-06
0.0056519
-4.85926e-06
0.0112078
-7.01205e-06
0.0030354
-2.30557e-06
0.00493036
-2.45553e-06
0.000675149
-6.09328e-07
0.0011014
-6.52291e-07
3.20579e-05
-5.37875e-08
0.000202347
-1.40512e-07
0.000123421
-1.30458e-07
1.94618e-05
-4.95915e-08
6.15874e-05
-8.869e-08
9.6754e-06
-3.34625e-08
1.31336e-06
-7.16408e-09
3.93907e-06
-1.7434e-08
2.51246e-05
-4.63991e-08
8.3839e-06
-1.91626e-08
0.00447179
-2.18824e-06
0.00275235
-2.05423e-06
0.00999548
-6.24074e-06
0.00102295
-5.96786e-07
0.000627129
-5.56432e-07
0.000314402
-3.82534e-07
0.00138437
-1.42081e-06
0.00503939
-4.31488e-06
0.00070328
-9.58429e-07
0.00208303
-2.28841e-06
0.000571039
-7.52874e-07
0.000192511
-3.15621e-07
0.000129275
-2.02055e-07
4.34687e-05
-8.44801e-08
1.25337e-06
-2.02824e-08
8.09915e-06
-1.65598e-08
2.41855e-05
-3.97575e-08
3.76134e-06
-4.87337e-08
5.9101e-05
-7.55546e-08
9.2438e-06
-9.25844e-08
3.06581e-05
-1.45127e-07
1.86031e-05
-1.35558e-07
0.000118376
-1.10285e-07
0.000194017
-1.18167e-07
0.0302742
-1.55235e-05
0.0152657
-1.07323e-05
0.0380754
-2.09537e-05
0.0755419
-3.03701e-05
0.155452
-4.70903e-05
0.263086
-5.28113e-05
0.0782107
-3.23484e-05
0.132085
-3.60521e-05
0.0181751
-7.74796e-06
0.0542297
-1.89608e-05
0.0321986
-1.70539e-05
0.0108217
-7.04048e-06
0.0157125
-1.10835e-05
0.00529366
-4.60965e-06
0.0021278
-2.37286e-06
0.00630689
-5.68473e-06
0.295092
5.29809e-05
0.182221
5.05126e-05
0.30078
5.47376e-05
0.146448
3.63261e-05
0.0902339
3.44557e-05
0.0452802
2.40078e-05
0.0915959
3.53965e-05
0.1515
3.83921e-05
0.0206383
8.4832e-06
0.0620109
2.0309e-05
0.0374415
1.87142e-05
0.0124519
7.8163e-06
0.0184893
1.26518e-05
0.00614594
5.26848e-06
0.000814218
1.1092e-06
0.00247337
2.72209e-06
0.00744465
6.54714e-06
0.0024513
2.67557e-06
0.0182533
1.24399e-05
0.0060156
5.10233e-06
0.0196149
7.89085e-06
0.0120295
7.3962e-06
0.0364438
1.79116e-05
0.059295
1.89244e-05
1.25325e-06
2.21835e-08
8.57693e-06
1.79697e-08
2.32335e-06
5.87146e-09
3.42009e-07
7.24114e-09
4.80755e-05
9.58273e-08
1.29517e-05
3.11469e-08
2.85615e-06
8.14646e-09
5.15284e-07
1.54465e-09
7.64416e-08
1.9e-09
2.25806e-09
-6.21898e-11
1.39738e-08
4.10196e-10
9.34194e-08
3.23145e-10
1.46954e-08
1.42644e-10
5.14513e-07
1.69975e-09
8.02755e-08
6.22514e-10
1.31531e-06
7.167e-09
3.59055e-07
2.36006e-09
2.31632e-06
6.37564e-09
8.52522e-06
1.93913e-08
1.29189e-05
3.06691e-08
4.76981e-05
9.35656e-08
0.000217876
3.58595e-07
5.88417e-05
1.17435e-07
0.000219321
3.62357e-07
1.25322e-06
-2.20026e-08
3.41995e-07
-7.18062e-09
2.29801e-06
-5.80504e-09
8.4674e-06
-1.77406e-08
7.64387e-08
-1.88696e-09
5.10928e-07
-1.52985e-09
2.81008e-06
-8.01078e-09
1.26829e-05
-3.05366e-08
4.69115e-05
-9.37035e-08
0.000211508
-3.51315e-07
5.70471e-05
-1.14442e-07
1.26146e-05
-2.99784e-08
2.28656e-06
-6.31142e-09
3.58638e-07
-2.35796e-09
5.10013e-07
-1.68545e-09
8.02117e-08
-6.21672e-10
2.25757e-09
6.16866e-11
1.46891e-08
-1.42333e-10
9.29927e-08
-3.21412e-10
1.39731e-08
-4.08343e-10
1.31049e-06
7.08461e-09
3.57936e-07
2.3216e-09
2.20342e-06
6.0957e-09
8.02894e-06
1.85188e-08
8.00853e-08
6.1555e-10
4.9584e-07
1.63457e-09
2.65956e-06
7.51553e-09
1.17355e-05
2.7858e-08
4.25218e-05
8.39802e-08
0.000664388
9.21962e-07
0.0001854
3.11692e-07
5.13667e-05
1.03479e-07
0.000184641
3.07759e-07
1.17018e-05
2.79273e-08
4.22482e-05
8.32403e-08
1.25316e-06
2.04369e-08
7.9916e-06
1.65026e-08
2.19825e-06
5.47873e-09
3.41963e-07
6.7847e-09
4.95686e-07
1.46728e-09
7.64305e-08
1.81627e-09
2.256e-09
-5.95717e-11
1.39712e-08
4.00599e-10
9.15637e-08
3.14089e-10
1.46738e-08
1.40333e-10
3.42018e-07
-6.76144e-09
2.22587e-06
-5.50652e-09
7.64418e-08
-1.81639e-09
5.00591e-07
-1.48172e-09
2.71502e-06
-7.64001e-09
1.20139e-05
-2.82513e-08
5.34056e-05
-1.05786e-07
0.000195468
-3.21821e-07
1.2106e-05
-2.86383e-08
4.43613e-05
-8.70179e-08
1.31386e-06
-6.98525e-09
8.22827e-06
-1.87626e-08
2.2437e-06
-6.16485e-09
3.58645e-07
-2.30924e-09
5.01879e-07
-1.64427e-09
8.01983e-08
-6.12474e-10
2.25762e-09
6.05426e-11
1.46831e-08
-1.41038e-10
9.20982e-08
-3.15623e-10
1.39725e-08
-4.01286e-10
0.000665306
8.89528e-07
0.000145499
2.35023e-07
0.000360404
4.54113e-07
0.00165133
1.72036e-06
0.00334399
2.55582e-06
0.00554113
2.77445e-06
0.000728981
6.74889e-07
0.00120685
7.31832e-07
3.0654e-05
1.68029e-07
0.000212997
1.36259e-07
0.000128896
1.257e-07
1.86009e-05
1.55269e-07
6.38573e-05
8.46316e-08
9.24274e-06
1.04585e-07
3.76096e-06
5.42609e-08
2.58655e-05
4.39264e-08
3.06538e-05
-1.7016e-07
0.000211369
-1.36048e-07
0.000286005
-9.18879e-08
4.13678e-05
-1.15442e-07
0.00118943
-7.3251e-07
0.00161306
-4.98437e-07
0.00179106
-8.35245e-09
0.000316865
-7.03607e-10
4.57146e-05
-2.57684e-09
4.13679e-05
1.11244e-07
0.00028712
9.08869e-08
0.001625
4.85295e-07
0.00745297
1.83826e-06
0.027731
5.59032e-06
0.00820417
-3.25943e-08
0.0304898
-1.33774e-07
0.0201075
-8.46144e-06
0.0273661
-5.81321e-06
0.0073752
-1.89006e-06
0.00542786
-2.76481e-06
2.5539e-05
-4.34098e-08
3.76088e-06
-5.39013e-08
0.000142017
-2.3041e-07
0.000352208
-4.46485e-07
6.30904e-05
-8.37871e-08
9.24257e-06
-1.04248e-07
1.86007e-05
-1.55654e-07
0.000127609
-1.24925e-07
0.000715205
-6.69193e-07
0.00325324
-2.52147e-06
0.0120236
-7.69487e-06
0.00159709
-1.67894e-06
0.00588943
-5.11229e-06
0.00236303
-2.63178e-06
0.000642062
-8.65312e-07
3.06559e-05
1.50763e-07
0.000192974
1.22778e-07
0.000117389
1.13062e-07
1.86013e-05
1.38992e-07
0.00101062
6.07865e-07
0.000615734
5.6381e-07
0.000307427
3.81821e-07
5.8496e-05
7.63101e-08
9.2427e-06
9.42186e-08
3.76081e-06
4.93342e-08
2.38875e-05
3.98926e-08
0.000125882
2.00563e-07
0.000549033
7.42748e-07
0.00197368
2.224e-06
0.00133869
1.41644e-06
0.00480982
4.23549e-06
0.00961797
6.29217e-06
0.00267754
2.10489e-06
0.00439048
2.2751e-06
3.21266e-05
-5.16761e-08
0.000204596
-1.43917e-07
0.000123504
-1.31938e-07
1.94933e-05
-4.78878e-08
0.00111803
-6.76331e-07
0.000671664
-6.20038e-07
0.000330961
-4.12003e-07
6.10955e-05
-8.82751e-08
9.68672e-06
-3.24482e-08
3.94199e-06
-1.69425e-08
2.47637e-05
-4.58192e-08
0.000133749
-2.13456e-07
0.000590432
-7.93756e-07
0.00146514
-1.53992e-06
0.00298438
-2.3415e-06
0.00499015
-2.57949e-06
4.33588e-05
-3.40461e-08
0.000277609
-9.86764e-08
4.79205e-05
1.20318e-09
0.000308345
-3.3167e-09
0.00170306
-1.75777e-08
0.0015253
-4.71723e-07
0.00684279
-1.85917e-06
0.0250574
-5.66053e-06
0.00767677
-1.54796e-07
0.0282535
-4.83916e-07
0.0260334
4.86555e-06
0.00703983
1.59389e-06
0.00528014
2.55884e-06
0.00155478
4.41107e-07
0.00116122
6.83592e-07
3.21432e-05
5.37713e-08
0.000208405
1.42351e-07
0.000280209
9.2984e-08
4.33697e-05
3.65092e-08
1.9508e-05
4.95523e-08
0.000126722
1.32332e-07
9.69546e-06
3.3427e-08
6.30247e-05
8.99342e-08
0.00035274
4.33789e-07
0.000708024
6.3596e-07
0.00322821
2.40141e-06
0.00161103
1.65145e-06
0.000655852
8.65914e-07
0.000143514
2.2665e-07
2.56314e-05
4.70032e-08
3.9461e-06
1.74225e-08
0.0340162
-1.71642e-05
0.0846728
-3.3178e-05
0.0427964
-2.31798e-05
0.0171752
-1.19538e-05
0.00705659
-6.31134e-06
0.0175915
-1.22462e-05
0.0359309
-1.84397e-05
0.0601258
-2.02567e-05
0.0874076
-3.48873e-05
0.146277
-3.83566e-05
0.289318
-5.47512e-05
0.172891
-4.98293e-05
0.403007
3.53039e-05
0.20318
2.49902e-05
0.222911
-8.71445e-07
0.441672
-1.46046e-06
0.395136
-3.78653e-05
0.199589
-2.64944e-05
0.0819463
-1.39272e-05
0.0914238
-3.58426e-07
0.0832421
1.33248e-05
4.3246e-05
-3.6309e-08
0.00027153
-9.22785e-08
4.77745e-05
-5.33761e-10
0.000298238
1.87855e-09
0.00160519
1.37185e-08
0.00146991
-4.21191e-07
0.00654743
-1.54586e-06
0.00711278
1.00229e-07
0.0063265
1.71551e-06
0.00460699
2.42284e-06
0.00143527
4.43259e-07
0.00105068
6.39739e-07
3.20201e-05
5.29529e-08
0.000197492
1.40266e-07
0.000268214
9.53182e-08
4.32203e-05
3.51974e-08
1.94316e-05
4.87755e-08
0.000119508
1.28806e-07
9.65741e-06
3.30755e-08
5.92518e-05
8.65246e-08
0.000313776
3.93041e-07
0.000634118
5.8687e-07
0.00277279
2.21051e-06
0.00997301
6.58245e-06
0.00136927
1.46752e-06
0.00491387
4.35592e-06
0.00199337
2.25725e-06
0.000556092
7.61244e-07
0.000127541
2.04431e-07
2.40938e-05
4.50024e-08
3.93094e-06
1.72121e-08
0.0784689
1.13059e-05
0.193191
2.15099e-05
0.208245
-3.26732e-06
0.0848823
-1.67238e-06
0.0750208
-1.41835e-05
0.183385
-2.71977e-05
0.366345
-4.04195e-05
0.417185
-5.67533e-06
0.388184
3.07249e-05
0.000261379
-7.65766e-08
4.13727e-05
-9.51553e-08
0.00137538
-3.88782e-07
0.00151356
1.34418e-08
0.000288271
4.05018e-09
4.57193e-05
3.85985e-09
4.13713e-05
1.02344e-07
0.000260662
8.39884e-08
0.00136692
4.1461e-07
0.00594876
1.58007e-06
0.00659753
1.05264e-07
0.00600428
-1.38644e-06
0.0297479
1.61011e-05
0.0146152
1.0584e-05
0.0356792
2.02045e-05
0.0728311
3.09432e-05
0.146551
4.66784e-05
0.0716046
3.02723e-05
0.0289213
1.5616e-05
0.0144412
1.04516e-05
0.00592293
5.47376e-06
0.42768
-8.75199e-05
0.597477
-6.66044e-05
0.797782
-4.31845e-05
0.570779
-5.61882e-05
0.682521
-8.42055e-06
0.911861
-6.61147e-06
0.996319
5.21036e-07
0.871131
2.9589e-06
0.622919
3.09601e-06
0.408274
8.7264e-05
0.557453
6.18673e-05
0.779007
4.78301e-05
0.570081
6.62401e-05
0.890663
7.02305e-06
0.651532
7.47932e-06
0.465635
-9.01332e-05
0.609312
-5.28672e-05
0.832855
-3.57638e-05
0.636393
-6.20935e-05
0.931597
-1.68858e-06
0.711796
-2.53077e-06
0.485829
8.99705e-05
0.650244
5.75817e-05
0.851905
3.26875e-05
0.637128
5.2466e-05
0.336877
-4.95769e-05
0.252203
-7.81772e-05
0.368054
3.82118e-06
0.178989
2.27337e-06
0.163608
-3.19606e-05
0.122351
-5.04836e-05
0.0161949
-1.04181e-05
0.0490273
-2.5806e-05
0.0656392
-1.62424e-05
0.0217065
-6.64297e-06
0.0719035
1.27343e-06
0.0238069
3.66872e-07
0.0157782
1.05508e-05
0.021423
7.31167e-06
0.0646122
1.84977e-05
0.0475168
2.63415e-05
0.16058
3.58904e-05
0.117893
5.09924e-05
0.241896
7.91054e-05
0.329834
5.63252e-05
0.343424
6.08236e-05
0.246631
8.06821e-05
0.391455
7.06342e-06
0.192873
3.99006e-06
0.169678
3.96677e-05
0.122208
5.34081e-05
0.0166344
1.12603e-05
0.0497655
2.77338e-05
0.0688904
2.03674e-05
0.0229561
8.09279e-06
0.0780756
1.84441e-06
0.0259371
5.12676e-07
0.0181514
-1.16364e-05
0.0239926
-7.22425e-06
0.0724467
-1.71751e-05
0.0549694
-2.83303e-05
0.179492
-3.26967e-05
0.136565
-5.46511e-05
0.278516
-8.19915e-05
0.365225
-4.82817e-05
0.000778053
-1.66712e-06
0.000209701
-5.4295e-07
0.000626564
-1.3069e-06
0.00232314
-4.0033e-06
4.63611e-05
-1.42099e-07
0.000138674
-3.42752e-07
0.000338974
-6.52751e-07
0.00152842
-2.48322e-06
0.00565766
-7.59354e-06
0.0112183
-1.09573e-05
0.00303952
-3.60306e-06
0.00493678
-3.83728e-06
0.000676421
-9.52348e-07
0.00110341
-1.01946e-06
3.29711e-05
-8.41042e-08
0.000202754
-2.19593e-07
0.000123676
-2.03887e-07
2.00256e-05
-7.75461e-08
6.17204e-05
-1.38616e-07
9.96159e-06
-5.23282e-08
1.35431e-06
-1.1205e-08
4.05844e-06
-2.7265e-08
2.51819e-05
-7.25233e-08
8.40437e-06
-2.99541e-08
0.00447373
-3.41962e-06
0.00275395
-3.21029e-06
0.00999973
-9.75206e-06
0.00102355
-9.32696e-07
0.000627597
-8.6966e-07
0.000314706
-5.97898e-07
0.00138547
-2.2205e-06
0.00504258
-6.74291e-06
0.000704174
-1.49794e-06
0.00208493
-3.57633e-06
0.000571657
-1.17669e-06
0.00019279
-4.9333e-07
0.000129438
-3.15831e-07
4.35401e-05
-1.32061e-07
1.2606e-06
-3.16997e-08
8.11434e-06
-2.58952e-08
2.42214e-05
-6.21649e-08
3.78086e-06
-7.61602e-08
5.9171e-05
-1.18129e-07
9.28749e-06
-1.4468e-07
3.07849e-05
-2.2677e-07
1.86846e-05
-2.11824e-07
0.000118489
-1.72422e-07
0.000194172
-1.84739e-07
0.0302836
-2.42559e-05
0.0152735
-1.67701e-05
0.0380913
-3.27404e-05
0.0755582
-4.74519e-05
0.155474
-7.35727e-05
0.263111
-8.25096e-05
0.0782376
-5.05423e-05
0.132124
-5.63281e-05
0.0181913
-1.21069e-05
0.0542598
-2.9626e-05
0.0322183
-2.6647e-05
0.010832
-1.10016e-05
0.0157233
-1.7319e-05
0.00529911
-7.20353e-06
0.00213022
-3.70828e-06
0.00631187
-8.88341e-06
0.295117
8.2773e-05
0.182244
7.89196e-05
0.300778
8.55183e-05
0.14649
5.67551e-05
0.0902636
5.38349e-05
0.0452983
3.7512e-05
0.0916137
5.53044e-05
0.151509
5.99831e-05
0.0206436
1.32556e-05
0.0620197
3.17323e-05
0.0374521
2.92412e-05
0.0124568
1.22139e-05
0.0184984
1.97695e-05
0.0061497
8.23297e-06
0.000815235
1.73356e-06
0.00247557
4.25402e-06
0.00745032
1.0231e-05
0.00245403
4.18133e-06
0.0182655
1.94383e-05
0.00602168
7.97334e-06
0.0196323
1.233e-05
0.0120407
1.15575e-05
0.0364654
2.79872e-05
0.0593274
2.95687e-05
1.26042e-06
3.4671e-08
8.59286e-06
2.81007e-08
2.32879e-06
9.18266e-09
3.44224e-07
1.13184e-08
4.81542e-05
1.49798e-07
1.2979e-05
4.86938e-08
2.86389e-06
1.27375e-08
5.16813e-07
2.41609e-09
7.70087e-08
2.97025e-09
2.3689e-09
-9.69232e-11
1.40828e-08
6.41206e-10
9.3715e-08
5.05437e-10
1.52099e-08
2.23148e-10
5.16004e-07
2.65756e-09
8.29974e-08
9.73911e-10
1.35736e-06
1.12095e-08
3.70849e-07
3.69167e-09
2.32244e-06
9.96721e-09
8.54605e-06
3.03118e-08
1.29508e-05
4.79478e-08
4.78065e-05
1.46264e-07
0.000218243
5.60496e-07
5.89514e-05
1.83573e-07
0.000219631
5.66379e-07
1.26038e-06
-3.43883e-08
3.44202e-07
-1.12239e-08
2.3034e-06
-9.07876e-09
8.48315e-06
-2.77425e-08
7.70042e-08
-2.94988e-09
5.12441e-07
-2.39294e-09
2.81767e-06
-1.25254e-08
1.27096e-05
-4.77398e-08
4.69884e-05
-1.46478e-07
0.000211808
-5.49122e-07
5.71538e-05
-1.78895e-07
1.26456e-05
-4.68681e-08
2.29259e-06
-9.86676e-09
3.70198e-07
-3.68838e-09
5.11489e-07
-2.63519e-09
8.28977e-08
-9.72591e-10
2.36813e-09
9.61381e-11
1.52e-08
-2.2266e-10
9.32865e-08
-5.02725e-10
1.40816e-08
-6.38308e-10
1.34983e-06
1.10808e-08
3.69101e-07
3.63154e-09
2.20924e-06
9.5295e-09
8.04855e-06
2.89478e-08
8.27003e-08
9.63012e-10
4.97271e-07
2.55563e-09
2.66671e-06
1.17511e-08
1.17643e-05
4.35534e-08
4.26174e-05
1.31282e-07
0.000665236
1.44095e-06
0.000185717
4.87191e-07
5.14644e-05
1.61758e-07
0.000184909
4.81044e-07
1.17265e-05
4.36607e-08
4.23178e-05
1.30123e-07
1.26028e-06
3.19412e-08
8.0067e-06
2.58059e-08
2.20344e-06
8.56827e-09
3.44152e-07
1.0605e-08
4.97155e-07
2.29504e-09
7.69914e-08
2.83935e-09
2.36568e-09
-9.28392e-11
1.40787e-08
6.262e-10
9.18523e-08
4.91264e-10
1.5176e-08
2.19532e-10
3.44237e-07
-1.05686e-08
2.23112e-06
-8.61169e-09
7.7009e-08
-2.83954e-09
5.02078e-07
-2.31762e-09
2.72237e-06
-1.19458e-08
1.20393e-05
-4.41672e-08
5.35075e-05
-1.65363e-07
0.000195805
-5.03023e-07
1.2136e-05
-4.47732e-08
4.44624e-05
-1.36031e-07
1.35509e-06
-1.09256e-08
8.24869e-06
-2.9329e-08
2.2497e-06
-9.63762e-09
3.70209e-07
-3.61226e-09
5.03341e-07
-2.57081e-09
8.28768e-08
-9.58214e-10
2.3682e-09
9.43551e-11
1.51906e-08
-2.20637e-10
9.23898e-08
-4.93663e-10
1.40807e-08
-6.27276e-10
0.000666002
1.39027e-06
0.000145682
3.6736e-07
0.000360751
7.09771e-07
0.00165258
2.68863e-06
0.0033458
3.99413e-06
0.00554331
4.33566e-06
0.000729519
1.05479e-06
0.00120756
1.14375e-06
3.07785e-05
2.62558e-07
0.00021316
2.13029e-07
0.000129016
1.96527e-07
1.86811e-05
2.42627e-07
6.39313e-05
1.32325e-07
9.28584e-06
1.63434e-07
3.78026e-06
8.47985e-08
2.59034e-05
6.86854e-08
3.07782e-05
-2.65884e-07
0.000211532
-2.12699e-07
0.000286198
-1.43657e-07
4.15297e-05
-1.8038e-07
0.00119013
-1.14481e-06
0.00161386
-7.78971e-07
0.00179189
-1.30506e-08
0.000317069
-1.10142e-09
4.58914e-05
-4.02362e-09
4.15299e-05
1.73825e-07
0.000287313
1.42089e-07
0.00162581
7.58435e-07
0.00745525
2.87262e-06
0.0277358
8.73513e-06
0.00820645
-5.09356e-08
0.0304942
-2.09013e-07
0.0201128
-1.32216e-05
0.0273709
-9.08338e-06
0.00737748
-2.95357e-06
0.00543002
-4.32062e-06
2.55766e-05
-6.78777e-08
3.78013e-06
-8.42365e-08
0.000142196
-3.6015e-07
0.000352549
-6.97849e-07
6.31638e-05
-1.31005e-07
9.28558e-06
-1.62908e-07
1.86807e-05
-2.43228e-07
0.000127728
-1.95317e-07
0.000715736
-1.04589e-06
0.00325503
-3.94046e-06
0.0120285
-1.20242e-05
0.00159832
-2.6239e-06
0.00589309
-7.98892e-06
0.00236516
-4.1129e-06
0.00064274
-1.35242e-06
3.07815e-05
2.35576e-07
0.00019313
1.91944e-07
0.000117503
1.76763e-07
1.86817e-05
2.17191e-07
0.00101122
9.50027e-07
0.000616201
8.81201e-07
0.000307728
5.96789e-07
5.85662e-05
1.19311e-07
9.28577e-06
1.47235e-07
3.78003e-06
7.70991e-08
2.39235e-05
6.23763e-08
0.000126043
3.135e-07
0.000549636
1.16087e-06
0.00197551
3.47567e-06
0.00133978
2.21367e-06
0.00481294
6.61888e-06
0.00962221
9.83245e-06
0.00267914
3.28944e-06
0.00439243
3.55532e-06
3.30784e-05
-8.08053e-08
0.000205014
-2.24916e-07
0.000123765
-2.06201e-07
2.00748e-05
-7.48846e-08
0.00112009
-1.05704e-06
0.00067295
-9.69087e-07
0.000331624
-6.43973e-07
6.123e-05
-1.37969e-07
9.97927e-06
-5.07436e-08
4.063e-06
-2.64972e-08
2.48213e-05
-7.16172e-08
0.000134034
-3.33659e-07
0.000591367
-1.24058e-06
0.00146729
-2.40665e-06
0.0029885
-3.65919e-06
0.00499672
-4.03101e-06
4.46393e-05
-5.32364e-08
0.000278165
-1.5421e-07
4.93366e-05
1.88071e-09
0.000308956
-5.18291e-09
0.00170613
-2.74721e-08
0.00152806
-7.37237e-07
0.00685155
-2.90527e-06
0.0250789
-8.84483e-06
0.00768648
-2.41886e-07
0.0282774
-7.56162e-07
0.0260557
7.60271e-06
0.00704878
2.49078e-06
0.00528701
3.99873e-06
0.0015576
6.89393e-07
0.00116336
1.06838e-06
3.31044e-05
8.40795e-08
0.000208827
2.22469e-07
0.000280767
1.45315e-07
4.46563e-05
5.70862e-08
2.00979e-05
7.74851e-08
0.000126986
2.06818e-07
9.99292e-06
5.22727e-08
6.31614e-05
1.40562e-07
0.000353445
6.78016e-07
0.000709376
9.93968e-07
0.00323258
3.75283e-06
0.00161334
2.58092e-06
0.000656863
1.35335e-06
0.000143818
3.54278e-07
2.569e-05
7.34681e-08
4.06942e-06
2.7247e-08
0.0340369
-2.68196e-05
0.0847018
-5.18387e-05
0.042814
-3.62184e-05
0.0171868
-1.86787e-05
0.00706205
-9.86257e-06
0.0176003
-1.91357e-05
0.0359414
-2.88124e-05
0.0601348
-3.16505e-05
0.0874257
-5.4509e-05
0.146286
-5.99278e-05
0.289318
-8.55397e-05
0.172916
-7.78522e-05
0.402971
5.51555e-05
0.203175
3.90435e-05
0.2229
-1.36149e-06
0.441622
-2.28163e-06
0.395103
-5.91572e-05
0.199585
-4.13937e-05
0.0819515
-2.17604e-05
0.0914268
-5.60028e-07
0.083247
2.08192e-05
4.44631e-05
-5.67723e-08
0.000272065
-1.44211e-07
4.91086e-05
-8.33334e-10
0.000298823
2.93533e-09
0.00160803
2.14412e-08
0.00147253
-6.58269e-07
0.00655577
-2.41571e-06
0.00712177
1.56626e-07
0.00633459
2.68078e-06
0.00461304
3.78622e-06
0.00143782
6.92755e-07
0.00105259
9.99853e-07
3.29121e-05
8.28011e-08
0.000197888
2.19207e-07
0.000268743
1.4896e-07
4.44231e-05
5.50369e-08
1.99784e-05
7.62718e-08
0.000119756
2.01305e-07
9.93349e-06
5.17237e-08
5.93799e-05
1.35232e-07
0.000314394
6.14337e-07
0.000635309
9.17252e-07
0.0027766
3.4545e-06
0.00998257
1.0286e-05
0.00137126
2.2935e-06
0.00491896
6.80707e-06
0.00199565
3.52762e-06
0.000556966
1.18977e-06
0.000127808
3.19552e-07
2.41488e-05
7.034e-08
4.04575e-06
2.69183e-08
0.0785096
1.7665e-05
0.193241
3.36066e-05
0.208297
-5.10494e-06
0.0849257
-2.61304e-06
0.0750602
-2.21608e-05
0.183433
-4.24924e-05
0.366369
-6.31471e-05
0.417207
-8.86681e-06
0.388207
4.80021e-05
0.000261563
-1.19718e-07
4.15374e-05
-1.48682e-07
0.00137607
-6.07595e-07
0.00151428
2.10191e-08
0.000288467
6.32767e-09
4.58988e-05
6.03147e-09
4.15353e-05
1.59916e-07
0.000260847
1.31298e-07
0.00136761
6.47982e-07
0.00595087
2.46913e-06
0.00659965
1.64455e-07
0.00600636
-2.16661e-06
0.0297666
2.51585e-05
0.0146254
1.65387e-05
0.0356946
3.157e-05
0.0728576
4.8347e-05
0.146575
7.29292e-05
0.0716213
4.72991e-05
0.0289307
2.44005e-05
0.0144489
1.63317e-05
0.0059277
8.55376e-06
0.427658
-0.00012601
0.597426
-9.58921e-05
0.797638
-6.21727e-05
0.570695
-8.08971e-05
0.682454
-1.21242e-05
0.911683
-9.51873e-06
0.996096
7.50157e-07
0.870949
4.25963e-06
0.622809
4.45803e-06
0.408258
0.000125642
0.557375
8.90744e-05
0.778873
6.88608e-05
0.570041
9.53677e-05
0.890497
1.01114e-05
0.651477
1.07692e-05
0.465613
-0.00012977
0.609265
-7.61158e-05
0.832705
-5.14901e-05
0.636297
-8.93976e-05
0.931394
-2.431e-06
0.711663
-3.64366e-06
0.485799
0.000129535
0.650142
8.29016e-05
0.851745
4.70611e-05
0.63707
7.55377e-05
0.336848
-7.13803e-05
0.252205
-0.000112561
0.368012
5.50129e-06
0.178983
3.27343e-06
0.163607
-4.60191e-05
0.122362
-7.26912e-05
0.0162004
-1.50032e-05
0.0490374
-3.71602e-05
0.065646
-2.33885e-05
0.0217116
-9.56634e-06
0.0719088
1.83353e-06
0.0238118
5.28409e-07
0.0157837
1.51943e-05
0.0214282
1.05295e-05
0.0646195
2.66358e-05
0.0475272
3.79312e-05
0.16058
5.1678e-05
0.117906
7.34243e-05
0.241902
0.000113897
0.329809
8.10958e-05
0.343459
8.75723e-05
0.246666
0.000116169
0.391489
1.01704e-05
0.192936
5.74545e-06
0.169736
5.71156e-05
0.122254
7.69026e-05
0.0166527
1.6216e-05
0.0498004
3.99365e-05
0.068936
2.93278e-05
0.0229804
1.16541e-05
0.0781262
2.656e-06
0.0259642
7.38348e-07
0.0181712
-1.67574e-05
0.0240179
-1.04035e-05
0.0724941
-2.47314e-05
0.0550072
-4.07948e-05
0.179552
-4.70792e-05
0.136615
-7.86908e-05
0.278551
-0.000118052
0.365259
-6.95162e-05
0.000779245
-2.40139e-06
0.000210134
-7.82172e-07
0.000627748
-1.88254e-06
0.00232631
-5.76603e-06
4.64887e-05
-2.04738e-07
0.000139029
-4.93796e-07
0.000339791
-9.40335e-07
0.0015311
-3.57674e-06
0.0056647
-1.09363e-05
0.0112313
-1.57801e-05
0.00304456
-5.18946e-06
0.00494464
-5.52657e-06
0.000677976
-1.37185e-06
0.00110586
-1.46847e-06
3.40863e-05
-1.21216e-07
0.000203251
-3.16288e-07
0.000123989
-2.93678e-07
2.07142e-05
-1.11769e-07
6.18833e-05
-1.99674e-07
1.03111e-05
-7.54271e-08
1.40434e-06
-1.61544e-08
4.20425e-06
-3.93039e-08
2.52521e-05
-1.04476e-07
8.42943e-06
-4.31559e-08
0.0044761
-4.92511e-06
0.00275591
-4.62378e-06
0.0100049
-1.40445e-05
0.00102429
-1.34346e-06
0.000628168
-1.25272e-06
0.000315078
-8.61301e-07
0.00138682
-3.19834e-06
0.00504648
-9.71137e-06
0.000705267
-2.15773e-06
0.00208726
-5.1511e-06
0.000572414
-1.69499e-06
0.000193131
-7.10694e-07
0.000129638
-4.55004e-07
4.36274e-05
-1.90272e-07
1.26946e-06
-4.5662e-08
8.13292e-06
-3.73246e-08
2.42654e-05
-8.95935e-08
3.80472e-06
-1.09695e-07
5.92566e-05
-1.70237e-07
9.34091e-06
-2.08369e-07
3.09399e-05
-3.26564e-07
1.87841e-05
-3.05051e-07
0.000118627
-2.48464e-07
0.000194361
-2.66204e-07
0.0302951
-3.49292e-05
0.0152831
-2.41507e-05
0.0381106
-4.71468e-05
0.0755781
-6.83283e-05
0.155502
-0.000105935
0.263141
-0.0001188
0.0782706
-7.27774e-05
0.132171
-8.11066e-05
0.0182111
-1.74353e-05
0.0542966
-4.26611e-05
0.0322424
-3.83723e-05
0.0108446
-1.58439e-05
0.0157365
-2.49413e-05
0.00530578
-1.03748e-05
0.00213318
-5.34112e-06
0.00631796
-1.27939e-05
0.295148
0.000119177
0.182273
0.000113633
0.300775
0.00012313
0.14654
8.17198e-05
0.0902999
7.75183e-05
0.0453203
5.40168e-05
0.0916355
7.96339e-05
0.15152
8.63678e-05
0.0206501
1.90891e-05
0.0620305
4.56934e-05
0.037465
4.21078e-05
0.0124629
1.75896e-05
0.0185094
2.84699e-05
0.0061543
1.18572e-05
0.000816478
2.49708e-06
0.00247826
6.12709e-06
0.00745726
1.47346e-05
0.00245737
6.02242e-06
0.0182803
2.79928e-05
0.00602912
1.14833e-05
0.0196534
1.77562e-05
0.0120545
1.66444e-05
0.0364919
4.03023e-05
0.059367
4.25778e-05
1.2692e-06
4.99425e-08
8.61233e-06
4.0505e-08
2.33544e-06
1.32378e-08
3.46934e-07
1.63058e-08
4.82503e-05
2.15826e-07
1.30123e-05
7.01654e-08
2.87337e-06
1.83572e-08
5.18684e-07
3.48364e-09
7.77029e-08
4.27979e-09
2.50446e-09
-1.39139e-10
1.42163e-08
9.23812e-10
9.4077e-08
7.28737e-10
1.58387e-08
3.21794e-10
5.17829e-07
3.82984e-09
8.63236e-08
1.40457e-09
1.40873e-06
1.61609e-08
3.85259e-07
5.32307e-09
2.32993e-06
1.43619e-08
8.57156e-06
4.36714e-08
1.29897e-05
6.90922e-08
4.7939e-05
2.10739e-07
0.000218692
8.07448e-07
5.90857e-05
2.64486e-07
0.00022001
8.15928e-07
1.26914e-06
-4.95351e-08
3.46903e-07
-1.61696e-08
2.30998e-06
-1.30879e-08
8.50241e-06
-3.99886e-08
7.76964e-08
-4.25043e-09
5.14293e-07
-3.45025e-09
2.82697e-06
-1.80515e-08
1.27422e-05
-6.87908e-08
4.70824e-05
-2.11044e-07
0.000212176
-7.9107e-07
5.72843e-05
-2.57747e-07
1.26834e-05
-6.75366e-08
2.29999e-06
-1.42171e-08
3.84322e-07
-5.31834e-09
5.13296e-07
-3.79759e-09
8.618e-08
-1.40266e-09
2.50335e-09
1.3801e-10
1.58244e-08
-3.2109e-10
9.36464e-08
-7.24823e-10
1.42146e-08
-9.19637e-10
1.39789e-06
1.59755e-08
3.82742e-07
5.23643e-09
2.21637e-06
1.37311e-08
8.07256e-06
4.17058e-08
8.58958e-08
1.38884e-09
4.99024e-07
3.68292e-09
2.67545e-06
1.69357e-08
1.17995e-05
6.27607e-08
4.27343e-05
1.89156e-07
0.000666273
2.07564e-06
0.000186106
7.01853e-07
5.15838e-05
2.33057e-07
0.000185238
6.93e-07
1.17567e-05
6.29136e-08
4.24029e-05
1.87482e-07
1.269e-06
4.60103e-08
8.02518e-06
3.71962e-08
2.2098e-06
1.23518e-08
3.46831e-07
1.5278e-08
4.98953e-07
3.30906e-09
7.7678e-08
4.09115e-09
2.49981e-09
-1.3327e-10
1.42104e-08
9.02189e-10
9.22059e-08
7.08289e-10
1.57899e-08
3.16581e-10
3.46953e-07
-1.52255e-08
2.23753e-06
-1.24143e-08
7.77033e-08
-4.09142e-09
5.03897e-07
-3.3416e-09
2.73138e-06
-1.72162e-08
1.20704e-05
-6.36434e-08
5.36321e-05
-2.38251e-07
0.000196218
-7.24664e-07
1.21727e-05
-6.45181e-08
4.45861e-05
-1.95999e-07
1.40547e-06
-1.57521e-08
8.2737e-06
-4.22554e-08
2.25706e-06
-1.38869e-08
3.84337e-07
-5.20874e-09
5.05132e-07
-3.70482e-09
8.61501e-08
-1.38195e-09
2.50345e-09
1.35451e-10
1.58108e-08
-3.18176e-10
9.2747e-08
-7.11745e-10
1.42133e-08
-9.0374e-10
0.000666852
2.00264e-06
0.000145905
5.29235e-07
0.000361174
1.02245e-06
0.00165411
3.87261e-06
0.00334802
5.7527e-06
0.00554598
6.24438e-06
0.000730177
1.51938e-06
0.00120842
1.64746e-06
3.09306e-05
3.78105e-07
0.000213359
3.06976e-07
0.000129162
2.83209e-07
1.87791e-05
3.49416e-07
6.40216e-05
1.90701e-07
9.33853e-06
2.3538e-07
3.80386e-06
1.22137e-07
2.59498e-05
9.89945e-08
3.09303e-05
-3.8289e-07
0.000211731
-3.06504e-07
0.000286433
-2.07008e-07
4.17277e-05
-2.59751e-07
0.00119099
-1.64898e-06
0.00161484
-1.122e-06
0.0017929
-1.87925e-08
0.000317317
-1.58958e-09
4.61075e-05
-5.78934e-09
4.1728e-05
2.50319e-07
0.000287549
2.04745e-07
0.00162678
1.09243e-06
0.00745803
4.13715e-06
0.0277416
1.2579e-05
0.00820923
-7.33597e-08
0.0304996
-3.00965e-07
0.0201192
-1.90402e-05
0.0273767
-1.30805e-05
0.00738026
-4.25374e-06
0.00543267
-6.22272e-06
2.56225e-05
-9.78304e-08
3.80367e-06
-1.21328e-07
0.000142415
-5.18848e-07
0.000352966
-1.00528e-06
6.32536e-05
-1.88799e-07
9.33816e-06
-2.34621e-07
1.87786e-05
-3.50278e-07
0.000127874
-2.81467e-07
0.000716387
-1.50655e-06
0.00325722
-5.67541e-06
0.0120345
-1.73164e-05
0.00159982
-3.77939e-06
0.00589756
-1.15057e-05
0.00236776
-5.92386e-06
0.000643569
-1.94813e-06
3.0935e-05
3.39246e-07
0.000193321
2.76578e-07
0.000117642
2.54716e-07
1.878e-05
3.12785e-07
0.00101196
1.36845e-06
0.000616771
1.26936e-06
0.000308097
8.59713e-07
5.8652e-05
1.71939e-07
9.33844e-06
2.1205e-07
3.80353e-06
1.11048e-07
2.39674e-05
8.98984e-08
0.000126239
4.51649e-07
0.000550373
1.6722e-06
0.00197775
5.00614e-06
0.00134111
3.18852e-06
0.00481676
9.5328e-06
0.00962739
1.41604e-05
0.0026811
4.73776e-06
0.00439482
5.12049e-06
3.42408e-05
-1.16466e-07
0.000205526
-3.23957e-07
0.000124084
-2.97012e-07
2.07851e-05
-1.07938e-07
0.00112262
-1.52261e-06
0.000674523
-1.39597e-06
0.000332435
-9.27701e-07
6.13947e-05
-1.98743e-07
1.03366e-05
-7.31458e-08
4.21082e-06
-3.81984e-08
2.48918e-05
-1.03172e-07
0.000134382
-4.80699e-07
0.00059251
-1.78703e-06
0.00146991
-3.46649e-06
0.00299355
-5.27029e-06
0.00500476
-5.80564e-06
4.62031e-05
-7.67286e-08
0.000278845
-2.2211e-07
5.1066e-05
2.7095e-09
0.000309705
-7.46438e-09
0.00170988
-3.95716e-08
0.00153145
-1.06191e-06
0.00686226
-4.18413e-06
0.0251052
-1.2737e-05
0.00769834
-3.48347e-07
0.0283066
-1.08895e-06
0.0260828
1.09484e-05
0.00705972
3.58727e-06
0.00529541
5.7591e-06
0.00156104
9.93008e-07
0.00116599
1.53893e-06
3.42782e-05
1.21182e-07
0.000209343
3.20435e-07
0.00028145
2.09301e-07
4.62276e-05
8.22745e-08
2.08182e-05
1.11682e-07
0.000127308
2.97903e-07
1.03562e-05
7.53474e-08
6.33287e-05
2.02478e-07
0.000354307
9.76726e-07
0.000711029
1.4318e-06
0.00323792
5.40516e-06
0.00161616
3.71746e-06
0.0006581
1.94946e-06
0.000144189
5.104e-07
2.57618e-05
1.05838e-07
4.22005e-06
3.92779e-08
0.0340622
-3.8621e-05
0.0847373
-7.46444e-05
0.0428355
-5.21543e-05
0.0172011
-2.68991e-05
0.00706873
-1.4204e-05
0.017611
-2.75573e-05
0.0359543
-4.14904e-05
0.0601458
-4.55758e-05
0.0874479
-7.84887e-05
0.146298
-8.62883e-05
0.289319
-0.000123162
0.172946
-0.000112097
0.402928
7.94122e-05
0.203169
5.62164e-05
0.222886
-1.96029e-06
0.441561
-3.28497e-06
0.395063
-8.51737e-05
0.19958
-5.96003e-05
0.0819578
-3.13337e-05
0.0914305
-8.06419e-07
0.083253
2.99784e-05
4.59495e-05
-8.18205e-08
0.00027272
-2.07708e-07
5.07378e-05
-1.19884e-09
0.000299538
4.22705e-09
0.0016115
3.08857e-08
0.00147574
-9.48181e-07
0.00656595
-3.47916e-06
0.00713277
2.25572e-07
0.00634448
3.86086e-06
0.00462044
5.45308e-06
0.00144094
9.97851e-07
0.00105492
1.44024e-06
3.40014e-05
1.19342e-07
0.000198374
3.15731e-07
0.00026939
2.14546e-07
4.58919e-05
7.9324e-08
2.06463e-05
1.09935e-07
0.000120059
2.89957e-07
1.02707e-05
7.45571e-08
5.95367e-05
1.94798e-07
0.00031515
8.85008e-07
0.000636766
1.32131e-06
0.00278126
4.97549e-06
0.00999426
1.48134e-05
0.0013737
3.30351e-06
0.00492519
9.8038e-06
0.00199844
5.08095e-06
0.000558035
1.71384e-06
0.000128134
4.60377e-07
2.42162e-05
1.01331e-07
4.18599e-06
3.88048e-08
0.0785593
2.54368e-05
0.193301
4.83889e-05
0.208361
-7.35069e-06
0.0849787
-3.76269e-06
0.0751083
-3.191e-05
0.183492
-6.11822e-05
0.366398
-9.09173e-05
0.417234
-1.27666e-05
0.388236
6.91134e-05
0.000261789
-1.72511e-07
4.17388e-05
-2.14106e-07
0.00137691
-8.75151e-07
0.00151516
3.02956e-08
0.000288706
9.11058e-09
4.61181e-05
8.68608e-09
4.17357e-05
2.30284e-07
0.000261074
1.89185e-07
0.00136846
9.33361e-07
0.00595344
3.55602e-06
0.00660224
2.36779e-07
0.00600891
-3.12044e-06
0.0297896
3.62289e-05
0.014638
2.38176e-05
0.0357135
4.54616e-05
0.0728899
6.96167e-05
0.146605
0.000105008
0.0716417
6.81084e-05
0.0289423
3.51375e-05
0.0144583
2.35195e-05
0.00593353
1.23192e-05
0.427632
-0.000171483
0.597366
-0.000130491
0.797467
-8.46033e-05
0.570595
-0.000110088
0.682374
-1.65001e-05
0.911472
-1.29532e-05
0.995832
1.02083e-06
0.870733
5.79594e-06
0.622679
6.06753e-06
0.40824
0.000170983
0.557284
0.000121217
0.778714
9.37039e-05
0.569993
0.000129777
0.8903
1.37598e-05
0.651411
1.46565e-05
0.465586
-0.000176595
0.609208
-0.000103581
0.832528
-7.00683e-05
0.636185
-0.000121653
0.931156
-3.30799e-06
0.711506
-4.95839e-06
0.485765
0.000176275
0.650021
0.000112813
0.851556
6.40411e-05
0.637001
0.000102794
0.336813
-9.71397e-05
0.252208
-0.000153184
0.367961
7.48592e-06
0.178975
4.45516e-06
0.163605
-6.26306e-05
0.122375
-9.89325e-05
0.0162069
-2.04227e-05
0.0490492
-5.05784e-05
0.0656541
-3.18334e-05
0.0217177
-1.30216e-05
0.0719152
2.49528e-06
0.0238176
7.19405e-07
0.0157903
2.06832e-05
0.0214345
1.43329e-05
0.0646281
3.62527e-05
0.0475395
5.16278e-05
0.16058
7.03326e-05
0.11792
9.9931e-05
0.241909
0.000155003
0.329778
0.000110361
0.343501
0.000119174
0.246706
0.000158097
0.391529
1.38416e-05
0.19301
7.81982e-06
0.169804
7.7731e-05
0.122309
0.000104665
0.0166743
2.20738e-05
0.0498417
5.43576e-05
0.06899
3.99164e-05
0.0230091
1.58634e-05
0.0781859
3.61518e-06
0.0259961
1.00513e-06
0.0181946
-2.28103e-05
0.0240477
-1.41612e-05
0.0725502
-3.36612e-05
0.0550519
-5.55248e-05
0.179623
-6.40735e-05
0.136674
-0.000107096
0.278591
-0.000160655
0.365299
-9.46042e-05
0.000780654
-3.26974e-06
0.000210647
-1.06514e-06
0.000629147
-2.56333e-06
0.00233007
-7.85024e-06
4.66396e-05
-2.78856e-07
0.000139449
-6.72484e-07
0.000340758
-1.2805e-06
0.00153428
-4.86978e-06
0.00567301
-1.48882e-05
0.0112465
-2.14811e-05
0.00305051
-7.0651e-06
0.00495393
-7.52369e-06
0.000679815
-1.868e-06
0.00110875
-1.99947e-06
3.5403e-05
-1.65159e-07
0.000203839
-4.30622e-07
0.000124359
-3.99858e-07
2.15273e-05
-1.52295e-07
6.20761e-05
-2.71885e-07
1.07239e-05
-1.02784e-07
1.46343e-06
-2.20186e-08
4.37643e-06
-5.35645e-08
2.53353e-05
-1.42273e-07
8.45911e-06
-5.87749e-08
0.0044789
-6.70498e-06
0.00275822
-6.29501e-06
0.0100111
-1.91187e-05
0.00102516
-1.8292e-06
0.000628844
-1.70574e-06
0.000315517
-1.17285e-06
0.00138841
-4.35463e-06
0.00505109
-1.32208e-05
0.000706559
-2.93801e-06
0.00209002
-7.01312e-06
0.000573307
-2.30796e-06
0.000193534
-9.67812e-07
0.000129875
-6.19643e-07
4.37307e-05
-2.59149e-07
1.27994e-06
-6.21742e-08
8.1549e-06
-5.08598e-08
2.43174e-05
-1.22068e-07
3.83294e-06
-1.49345e-07
5.93577e-05
-2.31921e-07
9.40406e-06
-2.8366e-07
3.11231e-05
-4.44514e-07
1.89018e-05
-4.1525e-07
0.00011879
-3.38469e-07
0.000194585
-3.6262e-07
0.0303087
-4.75438e-05
0.0152945
-3.28745e-05
0.0381335
-6.41729e-05
0.0756016
-9.29984e-05
0.155535
-0.000144172
0.263177
-0.000161677
0.0783095
-9.90524e-05
0.132226
-0.000110386
0.0182345
-2.37334e-05
0.0543401
-5.80659e-05
0.0322709
-5.22299e-05
0.0108595
-2.15678e-05
0.0157521
-3.39509e-05
0.00531366
-1.41239e-05
0.00213668
-7.27177e-06
0.00632516
-1.74167e-05
0.295184
0.000162186
0.182306
0.00015465
0.300772
0.000167568
0.1466
0.000111218
0.0903428
0.000105505
0.0453463
7.35221e-05
0.0916612
0.000108383
0.151532
0.000117544
0.0206578
2.59841e-05
0.0620433
6.21922e-05
0.0374803
5.73142e-05
0.0124701
2.39439e-05
0.0185225
3.87534e-05
0.00615973
1.61416e-05
0.000817948
3.40001e-06
0.00248145
8.34173e-06
0.00746545
2.00584e-05
0.00246131
8.19926e-06
0.0182979
3.8104e-05
0.00603791
1.56326e-05
0.0196785
2.41697e-05
0.0120707
2.26575e-05
0.0365231
5.48569e-05
0.0594139
5.79513e-05
1.27958e-06
6.80032e-08
8.63537e-06
5.51956e-08
2.34331e-06
1.80416e-08
3.50142e-07
2.22056e-08
4.83641e-05
2.9395e-07
1.30516e-05
9.55769e-08
2.88459e-06
2.50102e-08
5.20897e-07
4.74876e-09
7.85249e-08
5.82946e-09
2.66479e-09
-1.88695e-10
1.43745e-08
1.25817e-09
9.45061e-08
9.93344e-10
1.65817e-08
4.38735e-10
5.19992e-07
5.21755e-09
9.02536e-08
1.9152e-09
1.4694e-06
2.20275e-08
4.02281e-07
7.25658e-09
2.33882e-06
1.95628e-08
8.60179e-06
5.94775e-08
1.30358e-05
9.41178e-08
4.80957e-05
2.87029e-07
0.000219224
1.09956e-06
5.92444e-05
3.6022e-07
0.000220459
1.11111e-06
1.2795e-06
-6.74485e-08
3.50099e-07
-2.20201e-08
2.31778e-06
-1.78373e-08
8.5252e-06
-5.44918e-08
7.85159e-08
-5.78947e-09
5.16485e-07
-4.70324e-09
2.83796e-06
-2.45938e-08
1.27808e-05
-9.37048e-08
4.71936e-05
-2.87437e-07
0.00021261
-1.07727e-06
5.74387e-05
-3.51042e-07
1.27282e-05
-9.19991e-08
2.30875e-06
-1.93654e-08
4.01006e-07
-7.25014e-09
5.15438e-07
-5.1736e-09
9.00583e-08
-1.91259e-09
2.66328e-09
1.87162e-10
1.65623e-08
-4.37775e-10
9.40729e-08
-9.88003e-10
1.43722e-08
-1.25249e-09
1.45465e-06
2.17751e-08
3.98857e-07
7.13857e-09
2.22481e-06
1.87033e-08
8.101e-06
5.67998e-08
8.96716e-08
1.89374e-09
5.01101e-07
5.01736e-09
2.6858e-06
2.30739e-08
1.18411e-05
8.54943e-08
4.28725e-05
2.57638e-07
0.000667499
2.82625e-06
0.000186566
9.55778e-07
5.17251e-05
3.17417e-07
0.000185626
9.43723e-07
1.17924e-05
8.56999e-08
4.25036e-05
2.55351e-07
1.2793e-06
6.2649e-08
8.04704e-06
5.06851e-08
2.21731e-06
1.68337e-08
3.50001e-07
2.08059e-08
5.0108e-07
4.5107e-09
7.84908e-08
5.57248e-09
2.65845e-09
-1.80725e-10
1.43666e-08
1.22872e-09
9.26248e-08
9.65449e-10
1.65154e-08
4.3163e-10
3.50168e-07
-2.07343e-08
2.24512e-06
-1.69187e-08
7.85254e-08
-5.57284e-09
5.06049e-07
-4.55503e-09
2.74203e-06
-2.34561e-08
1.21072e-05
-8.66939e-08
5.37795e-05
-3.24489e-07
0.000196706
-9.86843e-07
1.22161e-05
-8.78879e-08
4.47323e-05
-2.66958e-07
1.46496e-06
-2.14712e-08
8.30331e-06
-5.7549e-08
2.26577e-06
-1.89156e-08
4.01028e-07
-7.10099e-09
5.07254e-07
-5.04723e-09
9.00177e-08
-1.88438e-09
2.6634e-09
1.83691e-10
1.65438e-08
-4.33808e-10
9.31702e-08
-9.70155e-10
1.43705e-08
-1.23083e-09
0.000667857
2.72686e-06
0.00014617
7.20725e-07
0.000361675
1.39227e-06
0.00165592
5.27262e-06
0.00335063
7.83191e-06
0.00554913
8.50093e-06
0.000730954
2.06881e-06
0.00120944
2.24311e-06
3.11104e-05
5.14678e-07
0.000213595
4.1817e-07
0.000129334
3.85815e-07
1.8895e-05
4.75646e-07
6.41285e-05
2.5981e-07
9.40083e-06
3.20436e-07
3.83177e-06
1.66287e-07
2.60046e-05
1.34882e-07
3.111e-05
-5.21182e-07
0.000211966
-4.17532e-07
0.000286712
-2.81988e-07
4.19617e-05
-3.53556e-07
0.001192
-2.24517e-06
0.00161599
-1.52762e-06
0.0017941
-2.55783e-08
0.000317611
-2.16923e-09
4.63628e-05
-7.87247e-09
4.1962e-05
3.40729e-07
0.000287828
2.78898e-07
0.00162794
1.48736e-06
0.00746132
5.63204e-06
0.0277484
1.71221e-05
0.00821252
-9.98704e-08
0.0305059
-4.09626e-07
0.0201269
-2.59176e-05
0.0273836
-1.78046e-05
0.00738355
-5.79078e-06
0.0054358
-8.47146e-06
2.56768e-05
-1.33296e-07
3.83152e-06
-1.65184e-07
0.000142675
-7.06582e-07
0.000353458
-1.36889e-06
6.33597e-05
-2.57219e-07
9.40032e-06
-3.19401e-07
1.88943e-05
-4.76816e-07
0.000128046
-3.83443e-07
0.000717155
-2.05135e-06
0.00325981
-7.7267e-06
0.0120416
-2.35722e-05
0.00160159
-5.14572e-06
0.00590285
-1.56633e-05
0.00237083
-8.06508e-06
0.000644548
-2.65264e-06
3.11164e-05
4.61778e-07
0.000193547
3.7674e-07
0.000117807
3.46981e-07
1.88962e-05
4.25782e-07
0.00101284
1.86327e-06
0.000617446
1.72842e-06
0.000308532
1.1707e-06
5.87535e-05
2.34239e-07
9.40071e-06
2.88674e-07
3.83132e-06
1.51189e-07
2.40194e-05
1.22484e-07
0.000126471
6.15078e-07
0.000551245
2.27695e-06
0.0019804
6.81579e-06
0.00134268
4.34126e-06
0.00482127
1.29778e-05
0.00963351
1.92764e-05
0.00268342
6.45016e-06
0.00439764
6.97087e-06
3.56132e-05
-1.58694e-07
0.000206131
-4.41068e-07
0.000124461
-4.04401e-07
2.16237e-05
-1.47081e-07
0.00112561
-2.0732e-06
0.000676382
-1.90084e-06
0.000333394
-1.26331e-06
6.15898e-05
-2.70621e-07
1.07585e-05
-9.96795e-08
4.3854e-06
-5.20603e-08
2.49754e-05
-1.40497e-07
0.000134793
-6.54653e-07
0.000593861
-2.43329e-06
0.00147302
-4.71973e-06
0.00299951
-7.17513e-06
0.00501427
-7.90368e-06
4.80493e-05
-1.04545e-07
0.00027965
-3.02394e-07
5.31077e-05
3.68998e-09
0.000310592
-1.01614e-08
0.00171431
-5.38803e-08
0.00153545
-1.44585e-06
0.00687492
-5.69595e-06
0.0251363
-1.73372e-05
0.00771237
-4.74188e-07
0.0283411
-1.4823e-06
0.0261149
1.49028e-05
0.00707265
4.88356e-06
0.00530533
7.84027e-06
0.00156511
1.35205e-06
0.00116909
2.09538e-06
3.5664e-05
1.65113e-07
0.000209954
4.36273e-07
0.000282258
2.84957e-07
4.80826e-05
1.12097e-07
2.16687e-05
1.52177e-07
0.000127691
4.05615e-07
1.07852e-05
1.02676e-07
6.35268e-05
2.75706e-07
0.000355326
1.33004e-06
0.000712983
1.94962e-06
0.00324423
7.35877e-06
0.0016195
5.06135e-06
0.000659563
2.65444e-06
0.000144628
6.95092e-07
2.58468e-05
1.44128e-07
4.39793e-06
5.35292e-08
0.0340922
-5.25686e-05
0.0847793
-0.000101594
0.0428608
-7.09875e-05
0.017218
-3.66153e-05
0.00707662
-1.93363e-05
0.0176237
-3.75114e-05
0.0359696
-5.6474e-05
0.0601588
-6.20322e-05
0.0874741
-0.000106825
0.146312
-0.000117436
0.28932
-0.000167611
0.172981
-0.000152559
0.402877
0.00010807
0.203161
7.65067e-05
0.22287
-2.66776e-06
0.441489
-4.47029e-06
0.395016
-0.000115911
0.199574
-8.1112e-05
0.0819653
-4.26465e-05
0.0914348
-1.09759e-06
0.0832601
4.08018e-05
4.77043e-05
-1.11476e-07
0.000273496
-2.82786e-07
5.26613e-05
-1.62991e-09
0.000300385
5.75377e-09
0.00161561
4.20554e-08
0.00147952
-1.29102e-06
0.006578
-4.73636e-06
0.00714577
3.07079e-07
0.00635616
5.2559e-06
0.00462919
7.4237e-06
0.00144463
1.35864e-06
0.00105767
1.96105e-06
3.52875e-05
1.62609e-07
0.000198948
4.29861e-07
0.000270157
2.92092e-07
4.7626e-05
1.08082e-07
2.14349e-05
1.49801e-07
0.000120418
3.94789e-07
1.06689e-05
1.016e-07
5.97224e-05
2.65245e-07
0.000316043
1.20517e-06
0.000638488
1.79919e-06
0.00278677
6.7738e-06
0.0100081
2.01651e-05
0.00137659
4.49783e-06
0.00493255
1.33467e-05
0.00200173
6.91762e-06
0.000559299
2.33363e-06
0.00012852
6.26979e-07
2.42961e-05
1.37988e-07
4.35161e-06
5.28854e-08
0.078618
3.46211e-05
0.193373
6.58553e-05
0.208436
-1.00044e-05
0.0850414
-5.12129e-06
0.0751651
-4.34305e-05
0.183562
-8.32647e-05
0.366433
-0.000123725
0.417266
-1.73743e-05
0.388269
9.40558e-05
0.000262056
-2.34992e-07
4.19767e-05
-2.91428e-07
0.0013779
-1.19152e-06
0.00151619
4.12805e-08
0.000288988
1.23985e-08
4.63773e-05
1.18239e-08
4.19725e-05
3.13452e-07
0.000261342
2.57687e-07
0.00136946
1.27083e-06
0.00595648
4.84089e-06
0.0066053
3.22224e-07
0.00601192
-4.24811e-06
0.0298166
4.93128e-05
0.0146529
3.24214e-05
0.0357358
6.18796e-05
0.072928
9.47514e-05
0.14664
0.000142911
0.0716658
9.26995e-05
0.028956
4.78273e-05
0.0144694
3.20155e-05
0.00594042
1.67706e-05
0.427602
-0.000223932
0.597297
-0.000170393
0.79727
-0.000110471
0.570479
-0.000143755
0.682281
-2.15477e-05
0.91123
-1.69142e-05
0.995528
1.333e-06
0.870484
7.56738e-06
0.622528
7.92442e-06
0.40822
0.000223282
0.557178
0.000158289
0.778531
0.000122354
0.569938
0.000169462
0.890073
1.79676e-05
0.651335
1.91409e-05
0.465556
-0.000230602
0.609143
-0.000135259
0.832324
-9.14945e-05
0.636054
-0.000158852
0.93088
-4.31933e-06
0.711325
-6.47471e-06
0.485725
0.000230183
0.649882
0.000147309
0.851338
8.36242e-05
0.636922
0.00013423
0.336773
-0.000126851
0.252212
-0.000200042
0.367903
9.77461e-06
0.178966
5.81846e-06
0.163604
-8.17933e-05
0.122391
-0.000129205
0.0162144
-2.66772e-05
0.0490629
-6.60603e-05
0.0656634
-4.15768e-05
0.0217247
-1.70089e-05
0.0719225
3.25861e-06
0.0238243
9.39904e-07
0.0157979
2.70178e-05
0.0214417
1.87222e-05
0.0646381
4.73482e-05
0.0475536
6.74311e-05
0.160581
9.18526e-05
0.117937
0.000130511
0.241917
0.000202418
0.329744
0.000144114
0.343549
0.000155623
0.246752
0.000206462
0.391575
1.80766e-05
0.193096
1.02131e-05
0.169883
0.000101512
0.122372
0.000136693
0.0166992
2.88341e-05
0.0498893
7.09971e-05
0.0690523
5.21327e-05
0.0230423
2.07207e-05
0.0782548
4.72198e-06
0.0260331
1.31305e-06
0.0182215
-2.97956e-05
0.0240822
-1.84976e-05
0.0726149
-4.39641e-05
0.0551034
-7.252e-05
0.179704
-8.3678e-05
0.136742
-0.000139864
0.278638
-0.000209797
0.365346
-0.000123542
0.00078228
-4.27244e-06
0.000211238
-1.39198e-06
0.000630764
-3.34949e-06
0.0023344
-1.02564e-05
4.68139e-05
-3.64499e-07
0.000139933
-8.78906e-07
0.000341874
-1.67338e-06
0.00153794
-6.36269e-06
0.00568262
-1.94497e-05
0.0112641
-2.80608e-05
0.00305739
-9.2304e-06
0.00496465
-9.829e-06
0.000681938
-2.44097e-06
0.0011121
-2.61262e-06
3.69205e-05
-2.15972e-07
0.00020452
-5.62623e-07
0.000124787
-5.22459e-07
2.24644e-05
-1.99163e-07
6.22992e-05
-3.55274e-07
1.11996e-05
-1.34427e-07
1.53155e-06
-2.88051e-08
4.57494e-06
-7.00632e-08
2.54314e-05
-1.85928e-07
8.49346e-06
-7.68198e-08
0.00448213
-8.75958e-06
0.0027609
-8.22436e-06
0.0100181
-2.49751e-05
0.00102617
-2.39007e-06
0.000629624
-2.22887e-06
0.000316025
-1.53267e-06
0.00139025
-5.68966e-06
0.00505641
-1.72717e-05
0.000708051
-3.83905e-06
0.0020932
-9.16285e-06
0.000574339
-3.01582e-06
0.000194
-1.2648e-06
0.000130148
-8.09827e-07
4.38499e-05
-3.38732e-07
1.29204e-06
-8.12421e-08
8.18028e-06
-6.65144e-08
2.43774e-05
-1.59618e-07
3.86553e-06
-1.95121e-07
5.94745e-05
-3.03231e-07
9.47697e-06
-3.70566e-07
3.13344e-05
-5.80627e-07
1.90376e-05
-5.42429e-07
0.000118979
-4.42505e-07
0.000194843
-4.74057e-07
0.0303244
-6.20999e-05
0.0153076
-4.29423e-05
0.0381599
-8.3819e-05
0.0756287
-0.000121461
0.155573
-0.000188282
0.263218
-0.000211137
0.0783545
-0.000129366
0.13229
-0.000144163
0.0182616
-3.10018e-05
0.0543903
-7.58403e-05
0.0323037
-6.822e-05
0.0108766
-2.81739e-05
0.01577
-4.43487e-05
0.00532275
-1.84515e-05
0.00214072
-9.50069e-06
0.00633347
-2.27526e-05
0.295226
0.000211795
0.182345
0.000201965
0.300768
0.000218826
0.14667
0.000145246
0.0903922
0.000137793
0.0453764
9.60278e-05
0.0916909
0.000141551
0.151546
0.000153507
0.0206666
3.3941e-05
0.062058
8.12281e-05
0.037498
7.48606e-05
0.0124785
3.12775e-05
0.0185376
5.06209e-05
0.006166
2.10869e-05
0.000819644
4.44264e-06
0.00248512
1.08984e-05
0.00747491
2.62034e-05
0.00246587
1.07124e-05
0.0183181
4.97724e-05
0.00604805
2.04221e-05
0.0197074
3.15709e-05
0.0120894
2.95974e-05
0.0365592
7.16513e-05
0.0594679
7.56888e-05
1.29158e-06
8.88595e-08
8.66197e-06
7.21881e-08
2.35241e-06
2.35999e-08
3.53849e-07
2.90206e-08
4.84954e-05
3.84215e-07
1.30971e-05
1.24946e-07
2.89754e-06
3.27027e-08
5.23455e-07
6.21319e-09
7.94753e-08
7.62029e-09
2.84996e-09
-2.45425e-10
1.45578e-08
1.64447e-09
9.50026e-08
1.29961e-09
1.74391e-08
5.7415e-10
5.22496e-07
6.82184e-09
9.47871e-08
2.50662e-09
1.53935e-06
2.88167e-08
4.21911e-07
9.49495e-09
2.34909e-06
2.55733e-08
8.63675e-06
7.77388e-08
1.3089e-05
1.23043e-07
4.82768e-05
3.75179e-07
0.000219837
1.43696e-06
5.94278e-05
4.70829e-07
0.000220976
1.45207e-06
1.29147e-06
-8.81346e-08
3.53793e-07
-2.87782e-08
2.32678e-06
-2.33326e-08
8.55152e-06
-7.12675e-08
7.94636e-08
-7.56801e-09
5.19017e-07
-6.15362e-09
2.85067e-06
-3.21583e-08
1.28254e-05
-1.22499e-07
4.7322e-05
-3.75705e-07
0.000213112
-1.40784e-06
5.76169e-05
-4.58834e-07
1.27799e-05
-1.20274e-07
2.31888e-06
-2.53151e-08
4.20247e-07
-9.48653e-09
5.17916e-07
-6.76436e-09
9.45321e-08
-2.5032e-09
2.84797e-09
2.43429e-10
1.74137e-08
-5.72893e-10
9.45665e-08
-1.29261e-09
1.45548e-08
-1.63704e-09
1.52011e-06
2.84871e-08
4.17442e-07
9.34069e-09
2.23458e-06
2.44495e-08
8.1339e-06
7.42379e-08
9.40273e-08
2.47851e-09
5.03504e-07
6.56004e-09
2.69776e-06
3.01712e-08
1.18892e-05
1.11771e-07
4.30322e-05
3.3677e-07
0.000668914
3.69303e-06
0.000187096
1.24908e-06
5.18882e-05
4.14886e-07
0.000186075
1.23333e-06
1.18337e-05
1.12036e-07
4.26198e-05
3.3377e-07
1.29121e-06
8.18631e-08
8.07228e-06
6.62865e-08
2.22599e-06
2.20191e-08
3.53665e-07
2.71914e-08
5.03538e-07
5.9016e-09
7.94308e-08
7.28432e-09
2.84165e-09
-2.35044e-10
1.45474e-08
1.60596e-09
9.31096e-08
1.26308e-09
1.73524e-08
5.64854e-10
3.53883e-07
-2.70976e-08
2.25389e-06
-2.21301e-08
7.9476e-08
-7.28477e-09
5.08536e-07
-5.95956e-09
2.75433e-06
-3.06709e-08
1.21497e-05
-1.13335e-07
5.39497e-05
-4.24129e-07
0.000197269
-1.28968e-06
1.22662e-05
-1.149e-07
4.49012e-05
-3.48952e-07
1.53357e-06
-2.80903e-08
8.33757e-06
-7.52181e-08
2.27585e-06
-2.47271e-08
4.20278e-07
-9.29176e-09
5.0971e-07
-6.59916e-09
9.44793e-08
-2.46634e-09
2.84813e-09
2.38913e-10
1.73896e-08
-5.6771e-10
9.366e-08
-1.26923e-09
1.45525e-08
-1.60873e-09
0.000669018
3.56318e-06
0.000146475
9.41922e-07
0.000362254
1.81939e-06
0.00165802
6.88905e-06
0.00335366
1.02322e-05
0.00555276
1.11057e-05
0.000731851
2.70326e-06
0.00121061
2.93088e-06
3.13179e-05
6.72285e-07
0.000213867
5.46694e-07
0.000129534
5.04424e-07
1.90287e-05
6.21332e-07
6.42519e-05
3.39711e-07
9.47275e-06
4.18613e-07
3.864e-06
2.17257e-07
2.60678e-05
1.76383e-07
3.13174e-05
-6.80768e-07
0.000212237
-5.45868e-07
0.000287034
-3.68651e-07
4.22316e-05
-4.61796e-07
0.00119316
-2.93356e-06
0.00161732
-1.99593e-06
0.00179548
-3.34078e-08
0.00031795
-2.84173e-09
4.66575e-05
-1.02712e-08
4.22321e-05
4.45061e-07
0.000288149
3.64601e-07
0.00162928
1.94335e-06
0.00746512
7.35753e-06
0.0277564
2.23646e-05
0.00821632
-1.30473e-07
0.0305132
-5.34989e-07
0.0201357
-3.38541e-05
0.0273916
-2.3256e-05
0.00738734
-7.56493e-06
0.00543941
-1.10672e-05
2.57396e-05
-1.74309e-07
3.86368e-06
-2.15817e-07
0.000142974
-9.2344e-07
0.000354027
-1.78884e-06
6.34823e-05
-3.36324e-07
9.47209e-06
-4.1726e-07
1.90278e-05
-6.22854e-07
0.000128244
-5.01327e-07
0.000718043
-2.68045e-06
0.0032628
-1.00948e-05
0.0120498
-3.0792e-05
0.00160364
-6.72326e-06
0.00590895
-2.04622e-05
0.00237438
-1.05371e-05
0.000645679
-3.46622e-06
3.13257e-05
6.03178e-07
0.000193807
4.925e-07
0.000117997
4.53626e-07
1.90303e-05
5.56193e-07
0.00101385
2.43464e-06
0.000618224
2.25856e-06
0.000309034
1.52989e-06
5.88706e-05
3.06261e-07
9.47259e-06
3.7712e-07
3.86341e-06
1.97531e-07
2.40794e-05
1.60163e-07
0.000126739
8.03869e-07
0.00055225
2.97531e-06
0.00198346
8.90508e-06
0.00134449
5.67222e-06
0.00482647
1.69544e-05
0.00964058
2.51812e-05
0.0026861
8.427e-06
0.0044009
9.10679e-06
3.7195e-05
-2.07529e-07
0.000206832
-5.76279e-07
0.000124898
-5.28398e-07
2.25903e-05
-1.92356e-07
0.00112907
-2.70899e-06
0.000678529
-2.48388e-06
0.000334502
-1.65095e-06
6.18154e-05
-3.53627e-07
1.12449e-05
-1.30374e-07
4.58666e-06
-6.80991e-08
2.5072e-05
-1.83609e-07
0.000135268
-8.55611e-07
0.000595421
-3.17959e-06
0.00147661
-6.16674e-06
0.00300639
-9.37411e-06
0.00502523
-1.03255e-05
5.01772e-05
-1.36713e-07
0.000280581
-3.9508e-07
5.54607e-05
4.82262e-09
0.000311617
-1.32744e-08
0.00171943
-7.04027e-08
0.00154006
-1.88916e-06
0.00688954
-7.44092e-06
0.0251722
-2.26456e-05
0.00772855
-6.19421e-07
0.028381
-1.93624e-06
0.026152
1.94661e-05
0.00708757
6.37985e-06
0.00531679
1.02426e-05
0.00156981
1.76661e-06
0.00117267
2.73793e-06
3.72612e-05
2.15915e-07
0.000210661
5.70016e-07
0.000283194
3.72303e-07
5.02205e-05
1.46581e-07
2.2649e-05
1.99011e-07
0.000128133
5.29988e-07
1.12797e-05
1.34286e-07
6.37561e-05
3.60272e-07
0.000356503
1.73812e-06
0.000715239
2.5476e-06
0.00325152
9.61407e-06
0.00162335
6.61297e-06
0.000661251
3.46854e-06
0.000145136
9.08449e-07
2.59452e-05
1.88355e-07
4.603e-06
7.00172e-08
0.0341267
-6.86629e-05
0.0848277
-0.000132686
0.0428901
-9.2718e-05
0.0172374
-4.78282e-05
0.00708573
-2.52601e-05
0.0176384
-4.89989e-05
0.0359872
-7.37634e-05
0.0601739
-8.10194e-05
0.0875043
-0.000139516
0.146327
-0.000153367
0.28932
-0.000218884
0.173023
-0.000199236
0.402818
0.000141124
0.203153
9.99121e-05
0.222851
-3.48381e-06
0.441406
-5.83736e-06
0.394962
-0.000151363
0.199567
-0.000105926
0.0819739
-5.56984e-05
0.0914398
-1.43353e-06
0.0832683
5.32889e-05
4.97268e-05
-1.45766e-07
0.000274393
-3.6946e-07
5.4878e-05
-2.12609e-09
0.000301364
7.51555e-09
0.00162034
5.49545e-08
0.00148389
-1.68688e-06
0.00659189
-6.18753e-06
0.00716077
4.01159e-07
0.00636965
6.86611e-06
0.00463928
9.69846e-06
0.00144889
1.77523e-06
0.00106085
2.56246e-06
3.67698e-05
2.12647e-07
0.000199613
5.61626e-07
0.000271043
3.81613e-07
4.96245e-05
1.41339e-07
2.23439e-05
1.95908e-07
0.000120833
5.15831e-07
1.11279e-05
1.32882e-07
5.99372e-05
3.46597e-07
0.000317075
1.57497e-06
0.000640476
2.35107e-06
0.00279313
8.84981e-06
0.010024
2.63419e-05
0.00137992
5.87681e-06
0.00494104
1.74363e-05
0.00200553
9.03807e-06
0.000560758
3.04937e-06
0.000128966
8.19445e-07
2.43884e-05
1.80328e-07
4.54254e-06
6.91766e-08
0.0786858
4.52176e-05
0.193456
8.60041e-05
0.208523
-1.3066e-05
0.0851137
-6.68881e-06
0.0752307
-5.67218e-05
0.183642
-0.000108737
0.366473
-0.000161566
0.417303
-2.26893e-05
0.388308
0.000122825
0.000262363
-3.07208e-07
4.22512e-05
-3.8065e-07
0.00137905
-1.55678e-06
0.00151739
5.39847e-08
0.000289314
1.61909e-08
4.66763e-05
1.54453e-08
4.22457e-05
4.0942e-07
0.000261651
3.36848e-07
0.00137061
1.6605e-06
0.00595999
6.32393e-06
0.00660883
4.20777e-07
0.00601539
-5.5498e-06
0.0298478
6.44104e-05
0.01467
4.23509e-05
0.0357615
8.08243e-05
0.0729721
0.00012375
0.14668
0.000186636
0.0716936
0.000121071
0.0289718
6.24702e-05
0.0144822
4.18205e-05
0.00594837
2.19086e-05
0.427567
-0.000283348
0.597218
-0.000215592
0.797047
-0.000139771
0.570348
-0.000181892
0.682177
-2.72665e-05
0.910955
-2.14009e-05
0.995184
1.68662e-06
0.870203
9.57341e-06
0.622358
1.00286e-05
0.408196
0.000282528
0.557059
0.000200284
0.778324
0.000154804
0.569875
0.000214414
0.889817
2.2734e-05
0.651248
2.42218e-05
0.465521
-0.000291779
0.609069
-0.000171143
0.832093
-0.000115764
0.635907
-0.000200989
0.930568
-5.46477e-06
0.711119
-8.19232e-06
0.48568
0.000291247
0.649724
0.000186382
0.851091
0.000105806
0.636832
0.000169839
0.336727
-0.00016051
0.252215
-0.000253128
0.367837
1.23668e-05
0.178956
7.36324e-06
0.163602
-0.000103506
0.122408
-0.000163508
0.0162229
-3.3767e-05
0.0490785
-8.36058e-05
0.065674
-5.26186e-05
0.0217327
-2.15286e-05
0.0719307
4.12342e-06
0.0238319
1.18996e-06
0.0158065
3.41986e-05
0.0214498
2.36976e-05
0.0646494
5.99218e-05
0.0475697
8.53407e-05
0.160581
0.000116236
0.117956
0.000165161
0.241926
0.000256135
0.329704
0.000182352
0.343604
0.000196913
0.246805
0.000261257
0.391628
2.28751e-05
0.193193
1.29251e-05
0.169973
0.000128455
0.122443
0.000172984
0.0167275
3.64975e-05
0.0499432
8.98549e-05
0.0691229
6.59761e-05
0.0230799
2.62264e-05
0.0783328
5.97641e-06
0.0260749
1.66215e-06
0.0182521
-3.77135e-05
0.0241212
-2.3413e-05
0.0726882
-5.56399e-05
0.0551618
-9.178e-05
0.179797
-0.000105891
0.136819
-0.000176992
0.278691
-0.000265469
0.365398
-0.000156325
0.000784125
-5.40984e-06
0.000211908
-1.76284e-06
0.000632596
-4.2413e-06
0.00233932
-1.29852e-05
4.70116e-05
-4.61717e-07
0.000140483
-1.11317e-06
0.00034314
-2.11915e-06
0.0015421
-8.05586e-06
0.0056935
-2.46216e-05
0.0112841
-3.55201e-05
0.00306518
-1.16858e-05
0.00497681
-1.24429e-05
0.000684345
-3.09098e-06
0.00111589
-3.30814e-06
3.86381e-05
-2.73705e-07
0.000205294
-7.12325e-07
0.000125274
-6.61515e-07
2.35251e-05
-2.5242e-07
6.25527e-05
-4.49873e-07
1.17382e-05
-1.7039e-07
1.6087e-06
-3.65225e-08
4.79969e-06
-8.8819e-08
2.55407e-05
-2.35463e-07
8.53249e-06
-9.73003e-08
0.00448579
-1.10893e-05
0.00276392
-1.04123e-05
0.0100262
-3.16145e-05
0.00102731
-3.02623e-06
0.000630508
-2.82231e-06
0.000316601
-1.94091e-06
0.00139233
-7.20382e-06
0.00506244
-2.1865e-05
0.000709743
-4.86116e-06
0.0020968
-1.16008e-05
0.000575509
-3.81882e-06
0.000194527
-1.60179e-06
0.000130457
-1.02565e-06
4.39852e-05
-4.29069e-07
1.30578e-06
-1.02872e-07
8.20907e-06
-8.43044e-08
2.44455e-05
-2.02278e-07
3.9025e-06
-2.47033e-07
5.96069e-05
-3.84225e-07
9.55965e-06
-4.691e-07
3.1574e-05
-7.34909e-07
1.91915e-05
-6.866e-07
0.000119193
-5.60651e-07
0.000195136
-6.00595e-07
0.0303422
-7.85978e-05
0.0153224
-5.43547e-05
0.0381898
-0.000106085
0.0756594
-0.000153716
0.155616
-0.00023826
0.263265
-0.000267172
0.0784054
-0.000163716
0.132363
-0.000182437
0.0182922
-3.92411e-05
0.0544472
-9.59841e-05
0.032341
-8.6343e-05
0.0108961
-3.5663e-05
0.0157904
-5.61354e-05
0.00533306
-2.33584e-05
0.00214531
-1.20284e-05
0.00634289
-2.88023e-05
0.295274
0.000267996
0.18239
0.000255575
0.300764
0.000276897
0.146748
0.000183801
0.0904483
0.000174381
0.0454104
0.000121534
0.0917245
0.000179135
0.151563
0.000194256
0.0206766
4.29602e-05
0.0620747
0.000102801
0.0375179
9.47472e-05
0.0124879
3.95911e-05
0.0185547
6.4073e-05
0.00617311
2.66939e-05
0.000821568
5.6253e-06
0.00248928
1.37978e-05
0.00748564
3.31702e-05
0.00247103
1.35623e-05
0.0183411
6.29989e-05
0.00605955
2.58523e-05
0.0197402
3.99603e-05
0.0121107
3.74648e-05
0.0366001
9.06859e-05
0.0595291
9.57898e-05
1.30519e-06
1.12519e-07
8.69216e-06
9.15002e-08
2.36273e-06
2.99192e-08
3.58058e-07
3.67542e-08
4.86444e-05
4.86674e-07
1.31487e-05
1.58294e-07
2.91224e-06
4.14412e-08
5.26358e-07
7.87892e-09
8.05551e-08
9.65347e-09
3.06003e-09
-3.09137e-10
1.47663e-08
2.08293e-09
9.55673e-08
1.64794e-09
1.84106e-08
7.28248e-10
5.25342e-07
8.64405e-09
9.99236e-08
3.17979e-09
1.61857e-06
3.65372e-08
4.44146e-07
1.20413e-08
2.36078e-06
3.23977e-08
8.6765e-06
9.84653e-08
1.31493e-05
1.55889e-07
4.84821e-05
4.75243e-07
0.000220533
1.81979e-06
5.96357e-05
5.96377e-07
0.000221563
1.83895e-06
1.30505e-06
-1.11601e-07
3.57988e-07
-3.64472e-08
2.33699e-06
-2.95803e-08
8.58137e-06
-9.03333e-08
8.05403e-08
-9.58723e-09
5.21892e-07
-7.80336e-09
2.86508e-06
-4.07514e-08
1.2876e-05
-1.55195e-07
4.74677e-05
-4.75896e-07
0.00021368
-1.78295e-06
5.78192e-05
-5.81184e-07
1.28385e-05
-1.52381e-07
2.3304e-06
-3.20703e-08
4.42041e-07
-1.20307e-08
5.20735e-07
-8.57118e-09
9.9601e-08
-3.17544e-09
3.05751e-09
3.06617e-10
1.83785e-08
-7.26652e-10
9.51278e-08
-1.63906e-09
1.47625e-08
-2.07351e-09
1.59423e-06
3.612e-08
4.38495e-07
1.18459e-08
2.24569e-06
3.09735e-08
8.1713e-06
9.40295e-08
9.89624e-08
3.14412e-09
5.06237e-07
8.31224e-09
2.71134e-06
3.82339e-08
1.19438e-05
1.41611e-07
4.32133e-05
4.26601e-07
0.000670519
4.67629e-06
0.000187698
1.58189e-06
5.20733e-05
5.25521e-07
0.000186584
1.56195e-06
1.18806e-05
1.4194e-07
4.27516e-05
4.22787e-07
1.30473e-06
1.03659e-07
8.10091e-06
8.40163e-08
2.23584e-06
2.79142e-08
3.57826e-07
3.44375e-08
5.06328e-07
7.48364e-09
8.04986e-08
9.22777e-09
3.04949e-09
-2.96039e-10
1.47531e-08
2.03414e-09
9.3661e-08
1.60158e-09
1.8301e-08
7.1646e-10
3.58101e-07
-3.43185e-08
2.26383e-06
-2.80546e-08
8.05559e-08
-9.22833e-09
5.11359e-07
-7.55707e-09
2.7683e-06
-3.88671e-08
1.2198e-05
-1.43586e-07
5.41428e-05
-5.37226e-07
0.000197907
-1.63332e-06
1.2323e-05
-1.45574e-07
4.50929e-05
-4.42034e-07
1.61126e-06
-3.56181e-08
8.37652e-06
-9.52725e-08
2.28731e-06
-3.13253e-08
4.42083e-07
-1.17842e-08
5.12503e-07
-8.36188e-09
9.95345e-08
-3.12876e-09
3.05771e-09
3.00929e-10
1.8348e-08
-7.20089e-10
9.4217e-08
-1.60937e-09
1.47596e-08
-2.03765e-09
0.000670334
4.51189e-06
0.000146821
1.19293e-06
0.000362909
2.30397e-06
0.00166039
8.72233e-06
0.00335708
1.29541e-05
0.00555688
1.40592e-05
0.000732868
3.42296e-06
0.00121194
3.71097e-06
3.15532e-05
8.50938e-07
0.000214175
6.92645e-07
0.00012976
6.39132e-07
1.91803e-05
7.86488e-07
6.43918e-05
4.30472e-07
9.55432e-06
5.2993e-07
3.90057e-06
2.75062e-07
2.61396e-05
2.23534e-07
3.15524e-05
-8.61655e-07
0.000212544
-6.91608e-07
0.000287398
-4.67062e-07
4.25375e-05
-5.84473e-07
0.00119449
-3.71435e-06
0.00161883
-2.52707e-06
0.00179705
-4.22808e-08
0.000318334
-3.60865e-09
4.69914e-05
-1.29836e-08
4.25381e-05
5.6332e-07
0.000288514
4.61915e-07
0.00163079
2.46052e-06
0.00746942
9.31387e-06
0.0277653
2.83067e-05
0.00822062
-1.65172e-07
0.0305215
-6.77049e-07
0.0201457
-4.28503e-05
0.0274006
-2.94348e-05
0.00739164
-9.57644e-06
0.0054435
-1.40105e-05
2.58107e-05
-2.20906e-07
3.90016e-06
-2.73237e-07
0.000143314
-1.16953e-06
0.000354671
-2.26529e-06
6.36212e-05
-4.26182e-07
9.55348e-06
-5.28214e-07
1.91792e-05
-7.88405e-07
0.000128469
-6.35213e-07
0.000719048
-3.39408e-06
0.00326618
-1.27801e-05
0.0120591
-3.89767e-05
0.00160596
-8.51247e-06
0.00591586
-2.59032e-05
0.00237841
-1.33404e-05
0.000646962
-4.38913e-06
3.15629e-05
7.63456e-07
0.000194103
6.23936e-07
0.000118213
5.74731e-07
1.91823e-05
7.04033e-07
0.001015
3.08276e-06
0.000619106
2.85997e-06
0.000309604
1.93742e-06
5.90035e-05
3.88064e-07
9.55412e-06
4.77401e-07
3.89982e-06
2.50087e-07
2.41474e-05
2.02969e-07
0.000127043
1.01811e-06
0.000553391
3.76754e-06
0.00198693
1.12745e-05
0.00134654
7.18177e-06
0.00483237
2.14634e-05
0.00964859
3.18756e-05
0.00268913
1.06687e-05
0.00440459
1.15286e-05
3.89854e-05
-2.6302e-07
0.000207628
-7.29625e-07
0.000125395
-6.69041e-07
2.36845e-05
-2.43807e-07
0.00113298
-3.43019e-06
0.000680964
-3.14532e-06
0.000335758
-2.09078e-06
6.20717e-05
-4.47793e-07
1.17956e-05
-1.65262e-07
4.81455e-06
-8.63341e-08
2.51817e-05
-2.32527e-07
0.000135807
-1.08367e-06
0.000597189
-4.0262e-06
0.00148067
-7.80791e-06
0.00301419
-1.18677e-05
0.00503767
-1.30716e-05
5.25855e-05
-1.73261e-07
0.000281639
-5.00189e-07
5.81238e-05
6.108e-09
0.000312782
-1.68038e-08
0.00172523
-8.91442e-08
0.0015453
-2.39198e-06
0.0069061
-9.41929e-06
0.0252129
-2.86623e-05
0.0077469
-7.8406e-07
0.0284261
-2.45082e-06
0.026194
2.46385e-05
0.00710449
8.07639e-06
0.00532978
1.29665e-05
0.00157515
2.23684e-06
0.00117673
3.46677e-06
3.9069e-05
2.73637e-07
0.000211464
7.21697e-07
0.000284256
4.71359e-07
5.26402e-05
1.85758e-07
2.37586e-05
2.52229e-07
0.000128636
6.71059e-07
1.18395e-05
1.70213e-07
6.40166e-05
4.56207e-07
0.000357837
2.20112e-06
0.000717797
3.22598e-06
0.00325979
1.21715e-05
0.00162773
8.37273e-06
0.000663166
4.39203e-06
0.000145711
1.15058e-06
2.6057e-05
2.38539e-07
4.83518e-06
8.87609e-08
0.0341659
-8.69041e-05
0.0848825
-0.00016792
0.0429233
-0.000117346
0.0172595
-6.05384e-05
0.00709606
-3.19763e-05
0.0176551
-6.20205e-05
0.0360071
-9.33589e-05
0.0601909
-0.000102537
0.0875385
-0.000176561
0.146345
-0.000194079
0.289321
-0.000276971
0.173069
-0.000252122
0.402751
0.00017857
0.203143
0.00012643
0.22283
-4.40833e-06
0.441312
-7.38594e-06
0.3949
-0.000191525
0.19956
-0.00013404
0.0819837
-7.04888e-05
0.0914455
-1.81424e-06
0.0832776
6.74392e-05
5.20158e-05
-1.8472e-07
0.000275412
-4.67752e-07
5.73869e-05
-2.68686e-09
0.000302477
9.51247e-09
0.00162571
6.95875e-08
0.00148885
-2.1359e-06
0.00660765
-7.8329e-06
0.00717777
5.07824e-07
0.00638495
8.69173e-06
0.00465073
1.22778e-05
0.00145372
2.24775e-06
0.00106446
3.24466e-06
3.84476e-05
2.69502e-07
0.000200369
7.11057e-07
0.00027205
4.8313e-07
5.18865e-05
1.79125e-07
2.33728e-05
2.48304e-07
0.000121304
6.53117e-07
1.16475e-05
1.68437e-07
6.01813e-05
4.38884e-07
0.000318245
1.99457e-06
0.000642731
2.97716e-06
0.00280034
1.1204e-05
0.0100421
3.33443e-05
0.0013837
7.44081e-06
0.00495067
2.20733e-05
0.00200984
1.14428e-05
0.000562412
3.86131e-06
0.000129471
1.03787e-06
2.44934e-05
2.2837e-07
4.75873e-06
8.76973e-08
0.0787626
5.72259e-05
0.193549
0.000108833
0.208621
-1.65352e-05
0.0851957
-8.46521e-06
0.0753051
-7.17832e-05
0.183732
-0.000137597
0.366519
-0.000204432
0.417345
-2.87108e-05
0.388351
0.000155418
0.000262712
-3.8921e-07
4.25623e-05
-4.81773e-07
0.00138036
-1.97104e-06
0.00151874
6.84205e-08
0.000289684
2.04874e-08
4.70152e-05
1.95506e-08
4.25554e-05
5.18193e-07
0.000262002
4.2672e-07
0.00137192
2.10249e-06
0.00596396
8.00533e-06
0.00661282
5.32422e-07
0.00601932
-7.02576e-06
0.0298832
8.15219e-05
0.0146894
5.36069e-05
0.0357907
0.000102296
0.073022
0.000156611
0.146726
0.000236177
0.071725
0.000153223
0.0289897
7.90665e-05
0.0144966
5.29352e-05
0.00595738
2.77341e-05
