0.410761 
0 
0.243203 
0 
0.331232 
0 
0.559621 
0 
0.118484 
0 
0.161345 
0 
0.180077 
0 
0.369794 
0 
0.62505 
0 
0.431209 
0 
0.573557 
0 
0.339272 
0 
0.255035 
0 
0.165133 
0 
0.124075 
0 
0.0164876 
0 
0.0498293 
0 
0.0663453 
0 
0.0219621 
0 
0.0723736 
0 
0.0239664 
0 
0.0158116 
0 
0.0215044 
0 
0.0648926 
0 
0.0476845 
0 
1.24051e-06 
0 
3.38078e-07 
0 
2.2063e-06 
0 
8.06197e-06 
0 
7.54354e-08 
0 
4.95201e-07 
0 
2.66356e-06 
0 
1.18015e-05 
0 
4.2959e-05 
0 
0.000673505 
0 
0.000187843 
0 
5.17696e-05 
0 
0.000186151 
0 
1.17405e-05 
0 
4.24037e-05 
0 
1.24051e-06 
0 
7.98657e-06 
0 
2.19581e-06 
0 
3.38078e-07 
0 
4.94483e-07 
0 
7.54354e-08 
0 
2.06118e-09 
0 
1.37808e-08 
0 
9.12133e-08 
0 
1.37808e-08 
0 
1.24051e-06 
0 
3.72668e-06 
0 
2.52242e-05 
0 
8.41077e-06 
0 
9.16616e-06 
0 
6.18674e-05 
0 
0.00034245 
0 
0.000139981 
0 
4.67436e-05 
0 
0.000791949 
0 
0.000212512 
0 
0.000635909 
0 
0.0023686 
0 
0.00155267 
0 
0.00577354 
0 
0.0185633 
0 
0.0114631 
0 
0.00309263 
0 
0.00502873 
0 
0.000684429 
0 
0.00111771 
0 
3.04327e-05 
0 
0.000203619 
0 
0.000124105 
0 
1.84584e-05 
0 
0.00966593 
0 
0.00268335 
0 
0.00439239 
0 
0.00484562 
0 
0.00134374 
0 
0.000307762 
0 
0.000615821 
0 
0.00100967 
0 
3.04327e-05 
0 
0.00019264 
0 
0.000117222 
0 
1.84584e-05 
0 
5.8423e-05 
0 
9.16616e-06 
0 
3.72668e-06 
0 
2.38681e-05 
0 
0.000126204 
0 
0.000552428 
0 
0.00199505 
0 
0.469097 
0 
0.638249 
0 
0.396619 
0 
0.291811 
0 
0.711846 
0 
0.441816 
0 
0.223176 
0 
0.200612 
0 
0.147772 
0 
0.0202885 
0 
0.0607292 
0 
0.0823784 
0 
0.027503 
0 
0.0915615 
0 
0.0305463 
0 
0.0205793 
0 
0.0277049 
0 
0.0831787 
0 
0.0618931 
0 
0.203083 
0 
0.151386 
0 
0.485927 
0 
0.30058 
0 
0.402615 
0 
0.649755 
0 
0.175028 
0 
0.281746 
0 
0.0885407 
0 
0.0435053 
0 
0.0861105 
0 
0.138832 
0 
0.0560476 
0 
0.0346907 
0 
0.0175015 
0 
0.00718666 
0 
0.00240352 
0 
0.017877 
0 
0.00597898 
0 
0.0121654 
0 
0.0363897 
0 
0.157573 
0 
0.265956 
0 
0.0767654 
0 
0.0388377 
0 
0.0796076 
0 
0.134125 
0 
0.0185787 
0 
0.0552281 
0 
0.0328526 
0 
0.0110784 
0 
0.0160539 
0 
0.00542361 
0 
0.000721888 
0 
0.00218278 
0 
0.00645575 
0 
0.00213482 
0 
0.0156087 
0 
0.00516227 
0 
0.0102005 
0 
0.0308379 
0 
0.0124068 
0 
0.00332942 
0 
0.00552151 
0 
0.00611994 
0 
0.0016429 
0 
0.000358581 
0 
0.000725726 
0 
0.00120217 
0 
3.04327e-05 
0 
0.00021234 
0 
0.00012843 
0 
1.84584e-05 
0 
6.35879e-05 
0 
9.16616e-06 
0 
1.24051e-06 
0 
3.72668e-06 
0 
2.57514e-05 
0 
8.53593e-06 
0 
0.000144793 
0 
4.78422e-05 
0 
0.000811666 
0 
0.000218321 
0 
0.000662162 
0 
0.00246454 
0 
2.28967e-06 
0 
3.38078e-07 
0 
1.27074e-05 
0 
2.81901e-06 
0 
5.09489e-07 
0 
7.54354e-08 
0 
2.06118e-09 
0 
1.37808e-08 
0 
9.26799e-08 
0 
1.37808e-08 
0 
5.10469e-07 
0 
7.54354e-08 
0 
1.24051e-06 
0 
3.38078e-07 
0 
2.30097e-06 
0 
8.49427e-06 
0 
1.27615e-05 
0 
4.73272e-05 
0 
0.000214632 
0 
5.76914e-05 
0 
1.24051e-06 
0 
3.38078e-07 
0 
2.23391e-06 
0 
8.15202e-06 
0 
7.54354e-08 
0 
5.00852e-07 
0 
2.73044e-06 
0 
1.21372e-05 
0 
4.41108e-05 
0 
0.000196682 
0 
5.4251e-05 
0 
0.000199338 
0 
1.22261e-05 
0 
4.49406e-05 
0 
1.24051e-06 
0 
8.264e-06 
0 
2.2494e-06 
0 
3.38078e-07 
0 
5.01953e-07 
0 
7.54354e-08 
0 
2.06118e-09 
0 
1.37808e-08 
0 
9.18515e-08 
0 
1.37808e-08 
0 
1.24051e-06 
0 
3.38078e-07 
0 
2.3068e-06 
0 
8.50059e-06 
0 
7.54354e-08 
0 
5.11883e-07 
0 
2.84092e-06 
0 
1.28663e-05 
0 
4.75889e-05 
0 
0.000217411 
0 
5.86151e-05 
0 
1.28904e-05 
0 
2.31157e-06 
0 
3.38078e-07 
0 
5.12275e-07 
0 
7.54354e-08 
0 
2.06118e-09 
0 
1.37808e-08 
0 
9.28818e-08 
0 
1.37808e-08 
0 
3.04327e-05 
0 
1.84584e-05 
0 
0.00011912 
0 
0.000195127 
0 
9.16616e-06 
0 
5.95262e-05 
0 
0.000319019 
0 
0.000635058 
0 
0.00103463 
0 
0.00454267 
0 
0.00280089 
0 
0.00141301 
0 
0.000582902 
0 
0.000131146 
0 
2.43494e-05 
0 
3.72668e-06 
0 
0.000602148 
0 
0.00013557 
0 
0.000335471 
0 
0.00149338 
0 
0.00304128 
0 
0.0050816 
0 
0.000680951 
0 
0.00113327 
0 
3.04327e-05 
0 
0.000205708 
0 
0.000124164 
0 
1.84584e-05 
0 
6.14024e-05 
0 
9.16616e-06 
0 
3.72668e-06 
0 
2.48835e-05 
0 
3.04327e-05 
0 
0.000208845 
0 
0.000280936 
0 
4.10798e-05 
0 
0.0011687 
0 
0.00156643 
0 
0.00171819 
0 
0.000309341 
0 
4.54002e-05 
0 
4.10798e-05 
0 
0.000278782 
0 
0.0015421 
0 
0.00694376 
0 
0.0254953 
0 
0.00776941 
0 
0.0286501 
0 
0.0198078 
0 
0.0263379 
0 
0.00711226 
0 
0.00532724 
0 
2.55849e-05 
0 
3.72668e-06 
0 
0.000143434 
0 
0.000353269 
0 
6.29861e-05 
0 
9.16616e-06 
0 
1.84584e-05 
0 
0.000126805 
0 
0.000710686 
0 
0.00324613 
0 
0.0121 
0 
0.00161557 
0 
0.00603216 
0 
0.00245019 
0 
0.00065594 
0 
4.10798e-05 
0 
0.000286575 
0 
4.54002e-05 
0 
0.000316675 
0 
0.00179128 
0 
0.00162168 
0 
0.00744183 
0 
0.00821369 
0 
0.00740397 
0 
0.00546709 
0 
0.0016165 
0 
0.00119475 
0 
3.04327e-05 
0 
0.000211739 
0 
0.000286154 
0 
4.10798e-05 
0 
1.84584e-05 
0 
0.000127942 
0 
9.16616e-06 
0 
6.33113e-05 
0 
0.00035513 
0 
0.000719692 
0 
0.00328445 
0 
0.00161683 
0 
0.000650767 
0 
0.000143237 
0 
2.56254e-05 
0 
3.72668e-06 
0 
0.0373603 
0 
0.0915554 
0 
0.0452871 
0 
0.0184481 
0 
0.0074353 
0 
0.0182808 
0 
0.0365835 
0 
0.0597112 
0 
0.0904 
0 
0.147089 
0 
0.295655 
0 
0.182283 
0 
0.368892 
0 
0.600192 
0 
0.185395 
0 
0.209827 
0 
0.418873 
0 
0.683766 
0 
0.637331 
0 
0.389108 
0 
0.194254 
0 
0.0791297 
0 
0.0857778 
0 
0.0760623 
0 
0.00667667 
0 
0.0245211 
0 
0.00149175 
0 
0.00162963 
0 
0.00725445 
0 
0.0265024 
0 
0.0170212 
0 
0.0234729 
0 
0.00645896 
0 
0.00470846 
0 
0.00145858 
0 
0.00106893 
0 
3.04327e-05 
0 
0.000199109 
0 
0.000270225 
0 
4.10798e-05 
0 
0.000300275 
0 
4.54002e-05 
0 
4.10798e-05 
0 
0.000273292 
0 
2.42159e-05 
0 
3.72668e-06 
0 
0.000129048 
0 
0.000318035 
0 
5.96132e-05 
0 
9.16616e-06 
0 
1.84584e-05 
0 
0.000120355 
0 
0.000643835 
0 
0.00282618 
0 
0.0101796 
0 
0.00139232 
0 
0.00500077 
0 
0.00202415 
0 
0.000564335 
0 
4.10798e-05 
0 
0.000260627 
0 
4.54002e-05 
0 
0.000288757 
0 
0.00152014 
0 
0.00136887 
0 
0.00596474 
0 
0.00663611 
0 
0.00606658 
0 
0.00138581 
0 
0.000262316 
0 
4.10798e-05 
0 
0.0291091 
0 
0.0721954 
0 
0.0360892 
0 
0.0145751 
0 
0.00599771 
0 
0.0148325 
0 
0.0302574 
0 
0.0507226 
0 
0.0737885 
0 
0.124034 
0 
0.249153 
0 
0.147885 
0 
0.0738153 
0 
0.0795264 
0 
0.195808 
0 
0.182312 
0 
0.369193 
0 
0.613423 
0 
0.395647 
0 
0.655968 
0 
0.573932 
0 
0.347081 
0 
0.172247 
0 
0.0701945 
0 
0.851335 
0 
0.931691 
0 
0.99704 
0 
0.912225 
0 
0.799598 
0 
0.872742 
0 
0.781669 
0 
0.893213 
0 
0.834983 
0 
