0.20609  0.00319702
0.156073  0.00305578
0.155857  -0.0470679
0.20587  -0.0469381
0.106056  0.00291453
0.105844  -0.0471977
0.105632  -0.0973099
0.155641  -0.0971916
0.205649  -0.0970733
0.204915  -0.197486
0.205282  -0.147279
0.155305  -0.147375
0.15497  -0.197558
0.105329  -0.14747
0.105025  -0.19763
0.0049073  -0.197857
0.054966  -0.197743
0.0552596  -0.147596
0.00519061  -0.147723
0.0555531  -0.0974497
0.00547393  -0.0975894
0.00581237  0.00256486
0.00564315  -0.0475123
0.0557435  -0.047355
0.055934  0.0027397
-0.0446339  0.00229269
-0.0447845  -0.0477708
-0.0950803  0.00202052
-0.0952121  -0.0480294
-0.095344  -0.0980794
-0.044935  -0.0978344
-0.0451882  -0.147951
-0.0454415  -0.198067
-0.0955671  -0.148178
-0.0957902  -0.198276
-0.196576  -0.198691
-0.146183  -0.198484
-0.145979  -0.148397
-0.19639  -0.148616
-0.145774  -0.0983106
-0.196204  -0.0985417
-0.196022  0.00151625
-0.196113  -0.0485127
-0.145663  -0.0482711
-0.145551  0.00176838
0.255493  -0.047013
0.255712  0.00312953
0.255273  -0.0971555
0.304898  -0.0972378
0.305116  -0.0470879
0.305334  0.00306204
0.40443  0.00278435
0.354882  0.0029232
0.354686  -0.0472185
0.404255  -0.0473492
0.354489  -0.0973603
0.404081  -0.0974828
0.40353  -0.197842
0.403805  -0.147662
0.354192  -0.147546
0.353896  -0.197732
0.304579  -0.14743
0.304261  -0.197622
0.254588  -0.197554
0.254931  -0.147355
0.00563428  0.0524995
-0.0447903  0.0522352
0.00545619  0.102434
-0.0449467  0.102178
-0.0953496  0.101921
-0.0952149  0.0519708
-0.145667  0.0517247
-0.196118  0.0514785
-0.145782  0.101681
-0.196215  0.101441
-0.196602  0.201275
-0.196409  0.151358
-0.145987  0.151592
-0.146193  0.201502
-0.0955663  0.151825
-0.095783  0.20173
0.00495799  0.20221
-0.0454125  0.20197
-0.0451796  0.152074
0.00520709  0.152322
-0.398358  0.200536
-0.347952  0.200701
-0.348153  0.250632
-0.39852  0.250481
-0.297545  0.200867
-0.297786  0.250782
-0.298027  0.300697
-0.348355  0.300562
-0.398682  0.300427
-0.399071  0.400296
-0.398877  0.350361
-0.348591  0.350478
-0.348827  0.400394
-0.298305  0.350595
-0.298583  0.400492
-0.198064  0.400728
-0.248323  0.40061
-0.247994  0.350734
-0.197684  0.350874
-0.247665  0.300858
-0.197304  0.30102
-0.196953  0.251147
-0.24737  0.250965
-0.247074  0.201071
0.601712  -0.198765
0.601857  -0.148662
0.552319  -0.148409
0.552143  -0.198531
0.602002  -0.0985587
0.552495  -0.0982879
0.502988  -0.0980172
0.502781  -0.148157
0.502574  -0.198297
0.453052  -0.198069
0.453293  -0.14791
0.453534  -0.09775
0.453675  -0.0476367
0.453815  0.00247657
0.503094  -0.0479242
0.5032  0.00216878
0.602124  0.00156162
0.552662  0.0018652
0.552578  -0.0482114
0.602063  -0.0484985
1  0.6
0.95002  0.600018
0.950029  0.550025
1  0.55
0.90004  0.600036
0.900057  0.55005
0.900074  0.500065
0.950037  0.500032
1  0.5
1  0.4
1  0.45
0.950044  0.450039
0.950052  0.400046
0.900089  0.450078
0.900104  0.400092
0.800252  0.400216
0.850178  0.400154
0.85015  0.450129
0.80021  0.45018
0.850121  0.500104
0.800168  0.500144
0.800091  0.600078
0.800129  0.550111
0.850093  0.550081
0.850066  0.600057
-1  -0.6
-0.949996  -0.599999
-0.949994  -0.549998
-1  -0.55
-0.899992  -0.599998
-0.899989  -0.549997
-0.899985  -0.499996
-0.949993  -0.499998
-1  -0.5
-1  -0.4
-1  -0.45
-0.949992  -0.449998
-0.949991  -0.399998
-0.899983  -0.449995
-0.899981  -0.399995
-0.799946  -0.399985
-0.849964  -0.39999
-0.849969  -0.449992
-0.799954  -0.449988
-0.849974  -0.499993
-0.799963  -0.49999
-0.79998  -0.599995
-0.799971  -0.549992
-0.84998  -0.549995
-0.849986  -0.599996
-0.799997  0.800001
-0.799993  0.750002
-0.749987  0.750003
-0.749994  0.800002
-0.799989  0.700003
-0.74998  0.700005
-0.699971  0.700008
-0.699981  0.750005
-0.699991  0.800002
-0.599981  0.800005
-0.649986  0.800004
-0.649973  0.750007
-0.599965  0.75001
-0.64996  0.700011
-0.599948  0.700014
-0.599898  0.600028
-0.599923  0.650021
-0.649942  0.650016
-0.649924  0.600021
-0.69996  0.650011
-0.699949  0.600013
-0.799983  0.600004
-0.749966  0.600009
-0.749973  0.650007
-0.799986  0.650003
0.800016  -0.799987
0.800032  -0.749974
0.750049  -0.749962
0.750025  -0.79998
0.800049  -0.699961
0.750074  -0.699943
0.700099  -0.699925
0.700066  -0.74995
0.700033  -0.799974
0.600051  -0.799963
0.650042  -0.799969
0.650082  -0.74994
0.600097  -0.74993
0.650121  -0.699911
0.600144  -0.699897
0.600299  -0.599786
0.600221  -0.649841
0.650183  -0.649866
0.650244  -0.599821
0.700144  -0.649891
0.700189  -0.599856
0.80009  -0.599926
0.75014  -0.599891
0.750107  -0.649917
0.80007  -0.649943
-0.799885  3.1322e-05
-0.749788  6.03469e-05
-0.749787  0.0500603
-0.799885  0.0500312
-0.69969  8.93719e-05
-0.69969  0.0500894
-0.699689  0.100089
-0.749787  0.10006
-0.799885  0.100031
-0.799906  0.200024
-0.799896  0.150028
-0.749807  0.150054
-0.749828  0.200047
-0.699719  0.15008
-0.699749  0.20007
-0.599482  0.20015
-0.649615  0.20011
-0.649576  0.150123
-0.599434  0.150167
-0.649537  0.100137
-0.599385  0.100184
-0.599374  0.000188401
-0.59938  0.050186
-0.649535  0.0501377
-0.649532  0.000138887
0.200905  -0.599538
0.201295  -0.54934
0.151346  -0.549341
0.150946  -0.599536
0.201686  -0.499142
0.151745  -0.499146
0.101805  -0.49915
0.101396  -0.549342
0.100987  -0.599534
0.000945366  -0.599586
0.0509661  -0.59956
0.0513729  -0.549376
0.00134998  -0.549409
0.0517797  -0.499191
0.0017546  -0.499233
0.00276929  -0.398793
0.00226194  -0.449013
0.0522905  -0.448962
0.0528013  -0.398732
0.102319  -0.44891
0.102833  -0.398671
0.20268  -0.398639
0.152757  -0.398655
0.152251  -0.448901
0.202183  -0.448891
-0.0459332  -0.248273
0.00435945  -0.248095
-0.0962259  -0.248452
-0.0966616  -0.298627
-0.046425  -0.29848
0.00381159  -0.298332
0.00329044  -0.348563
-0.0469077  -0.348688
-0.0473904  -0.398895
-0.0971058  -0.348812
-0.09755  -0.398997
-0.197998  -0.399234
-0.147774  -0.399116
-0.14737  -0.348952
-0.197634  -0.349092
-0.146966  -0.298789
-0.19727  -0.29895
-0.196923  -0.24882
-0.146574  -0.248636
-0.198412  0.450602
-0.248621  0.450506
-0.198761  0.500475
-0.248918  0.500401
-0.299075  0.500327
-0.298829  0.45041
-0.349032  0.450327
-0.399235  0.450244
-0.349237  0.50026
-0.3994  0.500193
-0.399682  0.600101
-0.399541  0.550147
-0.349414  0.550199
-0.349592  0.600138
-0.299288  0.550251
-0.299501  0.600175
-0.199341  0.600254
-0.249421  0.600215
-0.249169  0.550308
-0.199051  0.550364
-0.449245  0.400236
-0.449088  0.350288
-0.49942  0.400176
-0.4993  0.350215
-0.49918  0.300254
-0.448931  0.30034
-0.448805  0.250382
-0.448678  0.200424
-0.499089  0.250283
-0.498998  0.200311
-0.54924  0.200231
-0.549307  0.25021
-0.599525  0.250138
-0.549374  0.30019
-0.599567  0.300125
-0.599705  0.400083
-0.599636  0.350104
-0.549468  0.35016
-0.549563  0.40013
-0.6  -1
-0.599996  -0.949999
-0.649997  -0.949999
-0.65  -1
-0.599992  -0.899998
-0.649993  -0.899998
-0.699995  -0.899999
-0.699998  -0.949999
-0.7  -1
-0.8  -1
-0.75  -1
-0.749998  -0.95
-0.799999  -0.95
-0.749997  -0.899999
-0.799998  -0.9
-0.799996  -0.799999
-0.799997  -0.849999
-0.749994  -0.849998
-0.749992  -0.799998
-0.699992  -0.849998
-0.699988  -0.799997
-0.599978  -0.799993
-0.649983  -0.799995
-0.649988  -0.849997
-0.599985  -0.849995
-0.2  -1
-0.199977  -0.949991
-0.249979  -0.949992
-0.25  -1
-0.199954  -0.899982
-0.249957  -0.899984
-0.29996  -0.899985
-0.29998  -0.949993
-0.3  -1
-0.4  -1
-0.35  -1
-0.349984  -0.949994
-0.399989  -0.949996
-0.349969  -0.899989
-0.399978  -0.899992
-0.399935  -0.799978
-0.399957  -0.849985
-0.349942  -0.849979
-0.349915  -0.79997
-0.299927  -0.849973
-0.299895  -0.799962
-0.19987  -0.79995
-0.249882  -0.799956
-0.24992  -0.84997
-0.199912  -0.849966
1  -0.6
0.95002  -0.599983
0.950016  -0.649987
1  -0.65
0.90004  -0.599966
0.900031  -0.649974
0.900023  -0.699981
0.950011  -0.699991
1  -0.7
1  -0.8
1  -0.75
0.950008  -0.749993
0.950004  -0.799996
0.900016  -0.749987
0.900009  -0.799993
0.850012  -0.79999
0.850024  -0.74998
0.850036  -0.699971
0.85005  -0.649958
0.850065  -0.599946
1  -0.4
0.950058  -0.39995
0.950049  -0.449958
1  -0.45
0.900117  -0.3999
0.900099  -0.449916
0.900081  -0.499933
0.95004  -0.499966
1  -0.5
1  -0.55
0.95003  -0.549975
0.90006  -0.549949
0.850098  -0.549919
0.800136  -0.549889
0.850131  -0.499893
0.800182  -0.499853
0.800274  -0.399774
0.800228  -0.449814
0.850163  -0.449865
0.850196  -0.399837
0.8  1
0.75  1
0.750007  0.950006
0.800004  0.950004
0.7  1
0.70001  0.950008
0.700021  0.900017
0.750015  0.900012
0.800009  0.900008
0.800022  0.800019
0.800016  0.850013
0.750025  0.850021
0.750035  0.800029
0.700034  0.850028
0.700048  0.800039
0.600078  0.80006
0.650063  0.80005
0.650044  0.850035
0.600054  0.850042
0.650026  0.90002
0.600031  0.900024
0.6  1
0.600015  0.950012
0.650013  0.95001
0.65  1
-1  0.8
-1  0.75
-0.949999  0.75
-0.949999  0.8
-1  0.7
-0.949998  0.700001
-0.899996  0.700001
-0.899997  0.750001
-0.899998  0.8
-0.849998  0.800001
-0.849995  0.750001
-0.849993  0.700002
-0.84999  0.650002
-0.849988  0.600003
-0.899995  0.650001
-0.899994  0.600002
-1  0.6
-0.949997  0.600001
-0.949997  0.650001
-1  0.65
-1  0.4
-0.94999  0.400002
-0.949992  0.450002
-1  0.45
-0.899981  0.400005
-0.899983  0.450004
-0.899986  0.500004
-0.949993  0.500002
-1  0.5
-1  0.55
-0.949995  0.550001
-0.89999  0.550003
-0.849981  0.550005
-0.799973  0.550007
-0.849974  0.500007
-0.799963  0.50001
-0.799947  0.400014
-0.799955  0.450012
-0.849969  0.450008
-0.849964  0.400009
0.75006  0.750049
0.800038  0.750032
0.700082  0.750066
0.700117  0.700093
0.750085  0.700069
0.800053  0.700046
0.800072  0.650062
0.750115  0.650095
0.750145  0.60012
0.700158  0.650128
0.7002  0.600162
0.600335  0.600257
0.650268  0.60021
0.65021  0.650164
0.600261  0.6502
0.650151  0.700118
0.600186  0.700142
0.600132  0.750101
0.650107  0.750084
-0.749985  -0.749996
-0.799992  -0.749998
-0.699978  -0.749994
-0.699968  -0.699991
-0.749978  -0.699994
-0.799988  -0.699997
-0.799984  -0.649996
-0.749971  -0.649992
-0.749963  -0.59999
-0.699957  -0.649988
-0.699946  -0.599985
-0.599894  -0.599968
-0.64992  -0.599976
-0.649938  -0.649981
-0.599918  -0.649975
-0.649955  -0.699987
-0.599943  -0.699983
-0.599961  -0.749988
-0.649969  -0.749991
-0.349843  -0.749944
-0.39988  -0.749959
-0.299805  -0.749929
-0.299716  -0.699896
-0.349771  -0.699918
-0.399825  -0.69994
-0.399656  -0.599882
-0.399741  -0.649911
-0.349664  -0.64988
-0.349557  -0.599843
-0.299587  -0.649849
-0.299458  -0.599803
-0.199292  -0.599728
-0.249375  -0.599765
-0.249528  -0.649822
-0.199469  -0.649796
-0.249681  -0.699879
-0.199646  -0.699863
-0.199758  -0.749906
-0.249782  -0.749918
0.000988679  0.600467
0.00140135  0.550654
0.0514549  0.550713
0.0510345  0.600513
0.00181403  0.500841
0.0518754  0.500913
0.101937  0.500985
0.101509  0.550773
0.10108  0.60056
0.20103  0.600586
0.151055  0.600573
0.151478  0.550793
0.201448  0.550814
0.151901  0.501013
0.201866  0.501041
0.202929  0.401614
0.202398  0.451327
0.152438  0.451288
0.152974  0.401563
0.102477  0.451249
0.103018  0.401513
0.00285444  0.4013
0.0529362  0.401406
0.0524058  0.45116
0.00233423  0.45107
-0.146585  0.251354
-0.0962175  0.25156
-0.0966521  0.30139
-0.146978  0.301205
-0.147391  0.35104
-0.147803  0.400876
-0.0970976  0.351207
-0.0975432  0.401023
-0.0473444  0.401162
-0.0468556  0.351371
0.00338651  0.351536
-0.0463667  0.301581
0.00391859  0.301772
0.00443829  0.251991
-0.0458896  0.251776
1  -0.2
0.950107  -0.199909
0.950098  -0.249917
1  -0.25
0.900214  -0.199817
0.900196  -0.249834
0.900179  -0.29985
0.950089  -0.299925
1  -0.3
1  -0.35
0.950074  -0.349938
0.900148  -0.349875
0.850245  -0.349797
0.800343  -0.349719
0.850295  -0.299757
0.800411  -0.299665
0.800509  -0.19958
0.80046  -0.249622
0.850328  -0.249728
0.850361  -0.199698
-1  0.2
-0.949982  0.200005
-0.949983  0.250004
-1  0.25
-0.899963  0.200009
-0.899966  0.250009
-0.899968  0.300008
-0.949984  0.300004
-1  0.3
-1  0.35
-0.949987  0.350003
-0.899975  0.350006
-0.849953  0.350012
-0.799931  0.350018
-0.849942  0.300015
-0.799916  0.300022
-0.799911  0.250023
-0.849938  0.250016
-0.849935  0.200017
-0.148911  0.550444
-0.149233  0.600315
-0.148588  0.500573
-0.098416  0.500672
-0.0987705  0.550524
-0.0991249  0.600376
-0.0490681  0.600421
-0.0486846  0.550589
-0.048301  0.500756
-0.0478227  0.450959
-0.0979796  0.450848
-0.148196  0.450725
0.2  -1
0.25  -1
0.250028  -0.949985
0.200027  -0.949986
0.3  -1
0.300028  -0.949984
0.300057  -0.899968
0.250055  -0.89997
0.200054  -0.899972
0.200165  -0.799915
0.200109  -0.849944
0.250107  -0.849943
0.250159  -0.799915
0.300105  -0.849942
0.300153  -0.799915
0.40011  -0.799933
0.350131  -0.799924
0.35009  -0.849948
0.400075  -0.849955
0.350048  -0.899972
0.40004  -0.899976
0.4  -1
0.40002  -0.949988
0.350024  -0.949986
0.35  -1
0.800492  0.200415
0.800549  0.150459
0.850389  0.150328
0.850346  0.200295
0.800606  0.100503
0.850431  0.100361
0.900256  0.100218
0.900228  0.150196
0.9002  0.200175
1  0.2
0.9501  0.200087
0.950114  0.150098
1  0.15
0.950128  0.100109
1  0.1
1  0
1  0.05
0.950127  0.0501087
0.950126  0.000108435
0.900254  0.0502173
0.900251  0.000216871
0.800619  0.000514722
0.850435  0.000365796
0.850433  0.0503632
0.800613  0.050509
1  -0.15
0.950119  -0.149899
1  -0.1
0.95013  -0.09989
0.900261  -0.0997799
0.900237  -0.149799
0.8504  -0.149668
0.800562  -0.149538
0.850438  -0.0996379
0.800615  -0.0994958
0.800617  -0.0494906
0.850436  -0.049636
0.900256  -0.0497815
0.950128  -0.0498908
1  -0.05
-0.7999  -0.199973
-0.799887  -0.149969
-0.849923  -0.149979
-0.849933  -0.199982
-0.799874  -0.099965
-0.849914  -0.0999761
-0.899953  -0.0999873
-0.899959  -0.149989
-0.899966  -0.199991
-1  -0.2
-0.949983  -0.199995
-0.94998  -0.149995
-1  -0.15
-0.949977  -0.0999937
-1  -0.1
-1  0
-1  -0.05
-0.949978  -0.049994
-0.949979  5.57575e-06
-0.899956  -0.0499881
-0.899958  1.11515e-05
-0.849921  2.12368e-05
-0.849917  -0.0499775
-0.799879  -0.0499668
-1  0.15
-0.94998  0.150005
-1  0.1
-0.949978  0.100006
-0.899955  0.100012
-0.899959  0.150011
-0.849927  0.150019
-0.84992  0.100021
-0.849921  0.0500214
-0.899957  0.0500115
-0.949978  0.0500058
-1  0.05
0.651649  -0.0487739
0.651692  0.00126931
0.651607  -0.0988171
0.701213  -0.0990755
0.701236  -0.0490492
0.701259  0.000977004
0.750939  0.000745863
0.750926  -0.0492699
0.750914  -0.0992857
0.750841  -0.149341
0.750769  -0.199396
0.701121  -0.149144
0.701029  -0.199213
0.65137  -0.198989
0.651489  -0.148903
0.000747224  0.650355
-0.0492942  0.650322
0.000505769  0.700244
-0.0495204  0.700222
-0.0995465  0.700199
-0.0993357  0.650288
-0.149419  0.650241
-0.199502  0.650194
-0.149605  0.700166
-0.199663  0.700134
-0.199878  0.800049
-0.199771  0.750091
-0.149728  0.750115
-0.149851  0.800064
-0.0996858  0.750139
-0.0998252  0.800079
0.00019021  0.800095
-0.0498175  0.800087
-0.0496689  0.750154
0.000347989  0.750169
0.750924  0.0507331
0.750908  0.10072
0.70121  0.100938
0.701235  0.0509573
0.651654  0.0512408
0.602073  0.0515243
0.651616  0.101212
0.602022  0.101487
0.601723  0.201295
0.601872  0.151391
0.651492  0.15113
0.651368  0.201047
0.701111  0.150869
0.701012  0.2008
0.750752  0.200607
0.75083  0.150664
-0.749783  -0.0499377
-0.749778  -0.0999357
-0.699681  -0.0999063
-0.699686  -0.0499085
-0.64953  -0.0498596
-0.599375  -0.0498107
-0.649528  -0.0998581
-0.599376  -0.0998099
-0.599469  -0.199839
-0.599422  -0.149825
-0.649565  -0.14987
-0.649601  -0.199881
-0.699708  -0.149914
-0.699734  -0.199923
-0.749817  -0.199948
-0.749797  -0.149942
0.000173222  -0.799924
0.000325504  -0.749857
-0.0496799  -0.749864
-0.0498262  -0.799926
0.000477786  -0.69979
-0.0495336  -0.699801
-0.099545  -0.699812
-0.0996853  -0.74987
-0.0998255  -0.799928
-0.149848  -0.799939
-0.149721  -0.749888
-0.149595  -0.699838
-0.149399  -0.64976
-0.149203  -0.599682
-0.0993295  -0.649724
-0.099114  -0.599636
-0.0490843  -0.599611
-0.049309  -0.649706
0.000711576  -0.649688
0.200209  0.800125
0.200372  0.750217
0.250362  0.750219
0.250206  0.800127
0.200536  0.700309
0.250518  0.70031
0.3005  0.700311
0.300351  0.75022
0.300203  0.80013
0.40016  0.80011
0.350181  0.80012
0.350312  0.750203
0.400273  0.750185
0.350443  0.700286
0.400386  0.70026
0.400734  0.600492
0.40056  0.650376
0.35064  0.65041
0.350837  0.600535
0.30072  0.650445
0.30094  0.600579
0.250985  0.600583
0.250751  0.650446
0.200783  0.650448
-0.198351  -0.449367
-0.148166  -0.449269
-0.198703  -0.499499
-0.148557  -0.499423
-0.0984112  -0.499346
-0.0979806  -0.449172
-0.0478593  -0.449092
-0.0483283  -0.499289
-0.0487063  -0.54945
-0.0987626  -0.549491
-0.14888  -0.549553
-0.198997  -0.549614
-0.549176  0.150254
-0.549113  0.100277
-0.498841  0.100371
-0.498919  0.150341
-0.448581  0.150462
-0.398242  0.150582
-0.448484  0.1005
-0.398127  0.100629
-0.398053  0.000656102
-0.39809  0.0506424
-0.448455  0.05051
-0.448427  0.000520427
-0.498821  0.0503777
-0.498802  0.000384752
-0.549088  0.000286577
-0.5491  0.0502818
0.401882  -0.398862
0.352116  -0.398783
0.351724  -0.449009
0.401528  -0.449078
0.30235  -0.398703
0.30192  -0.448941
0.301491  -0.499179
0.351332  -0.499236
0.401173  -0.499293
0.400618  -0.599625
0.400896  -0.549459
0.351024  -0.549412
0.350715  -0.599588
0.301152  -0.549365
0.300812  -0.599551
0.250858  -0.599544
0.251223  -0.549353
0.251589  -0.499161
0.252052  -0.448916
0.252515  -0.398671
0.403703  0.202385
0.403938  0.15251
0.453394  0.152232
0.453184  0.202116
0.404173  0.102634
0.453605  0.102348
0.503037  0.102061
0.502851  0.151954
0.502665  0.201847
0.552194  0.201571
0.552362  0.151672
0.552529  0.101774
0.552596  0.0518196
0.503118  0.0521149
0.45371  0.0524121
0.404301  0.0527094
0.402032  0.401335
0.401671  0.451098
0.351892  0.451185
0.352301  0.401439
0.401309  0.500861
0.351484  0.500931
0.301659  0.501002
0.302114  0.451273
0.302569  0.401543
0.252749  0.401579
0.252256  0.4513
0.251762  0.501021
0.251374  0.550802
0.301299  0.55079
0.35116  0.550733
0.401022  0.550676
0.352755  0.351706
0.402457  0.351597
0.303053  0.351815
0.303536  0.302087
0.353209  0.301973
0.402882  0.301859
0.403292  0.252122
0.353662  0.252246
0.354115  0.202518
0.304031  0.252369
0.304526  0.202651
0.205184  0.202788
0.254855  0.202719
0.254324  0.25243
0.204616  0.252491
0.253792  0.302141
0.204048  0.302194
0.203489  0.351904
0.253271  0.35186
-0.2469  0.151144
-0.297391  0.15093
-0.297237  0.100993
-0.246726  0.101217
-0.246648  0.0512476
-0.246569  0.00127819
-0.297177  0.0510167
-0.297116  0.00104014
-0.347585  0.00084812
-0.347633  0.0508295
-0.347682  0.100811
-0.347817  0.150756
-0.399038  -0.399674
-0.348783  -0.399569
-0.348553  -0.349487
-0.398847  -0.349608
-0.298527  -0.399465
-0.298258  -0.349366
-0.29799  -0.299267
-0.348323  -0.299405
-0.398657  -0.299543
-0.398343  -0.199439
-0.3985  -0.249491
-0.348128  -0.249338
-0.347933  -0.199271
-0.297757  -0.249185
-0.297524  -0.199103
-0.24705  -0.198897
-0.24734  -0.249003
-0.24763  -0.299108
-0.247946  -0.349229
-0.248263  -0.399349
0.0533282  -0.34849
0.103366  -0.348417
0.103899  -0.298163
0.0538551  -0.298248
0.0544106  -0.247995
0.104462  -0.247896
0.154398  -0.247842
0.204335  -0.247788
0.153827  -0.298126
0.203755  -0.29809
0.203217  -0.348364
0.153292  -0.348391
0.15352  0.351837
0.103551  0.351769
0.104085  0.302026
0.154067  0.30211
0.154619  0.252385
0.155172  0.202661
0.104623  0.25228
0.10516  0.202534
0.055059  0.202372
0.0545304  0.252136
0.0540018  0.301899
0.053469  0.351653
-0.849999  -0.95
-0.85  -1
-0.849999  -0.9
-0.899999  -0.9
-0.9  -0.95
-0.9  -1
-1  -1
-0.95  -1
-0.95  -0.95
-1  -0.95
-0.95  -0.9
-1  -0.9
-1  -0.8
-1  -0.85
-0.949999  -0.85
-0.949999  -0.8
-0.899999  -0.85
-0.899998  -0.799999
-0.849997  -0.799999
-0.849998  -0.849999
0.8  -1
0.85  -1
0.850003  -0.949998
0.800003  -0.949997
0.9  -1
0.900002  -0.949999
0.900003  -0.899997
0.850005  -0.899996
0.800007  -0.899995
0.800011  -0.849991
0.850009  -0.849993
0.900006  -0.849995
0.950003  -0.849997
1  -0.85
0.950002  -0.899999
1  -0.9
1  -1
1  -0.95
0.950001  -0.949999
0.95  -1
1  0.8
1  0.85
0.950004  0.850003
0.950006  0.800005
1  0.9
0.950002  0.900002
0.900005  0.900004
0.900008  0.850007
0.900011  0.80001
0.850017  0.800014
0.850012  0.85001
0.850007  0.900006
0.850003  0.950003
0.85  1
0.900002  0.950002
0.9  1
1  1
0.95  1
0.950001  0.950001
1  0.95
-0.8  1
-0.85  1
-0.849999  0.95
-0.799999  0.95
-0.9  1
-0.9  0.95
-0.899999  0.9
-0.849999  0.9
-0.799998  0.9
-0.799998  0.850001
-0.849998  0.85
-0.899999  0.85
-0.949999  0.85
-1  0.85
-0.95  0.9
-1  0.9
-1  1
-1  0.95
-0.95  0.95
-0.95  1
-0.55  -1
-0.549994  -0.949998
-0.5  -1
-0.499991  -0.949997
-0.499982  -0.899994
-0.549987  -0.899996
-0.549976  -0.849992
-0.549965  -0.799989
-0.499967  -0.849989
-0.499952  -0.799984
-0.449944  -0.799981
-0.449962  -0.849987
-0.44998  -0.899993
-0.44999  -0.949997
-0.45  -1
-0.0498817  -0.84995
0.000117228  -0.849948
-0.0998805  -0.849951
-0.0999355  -0.899973
-0.0499371  -0.899973
6.12339e-05  -0.899973
0  -1
3.0617e-05  -0.949987
-0.0499686  -0.949987
-0.05  -1
-0.0999678  -0.949987
-0.1  -1
-0.15  -1
-0.149972  -0.949989
-0.149945  -0.899978
-0.149896  -0.849958
0.05  -1
0.0500332  -0.949985
0.1  -1
0.100036  -0.949983
0.100072  -0.899966
0.0500664  -0.89997
0.0501261  -0.849942
0.0501858  -0.799915
0.100135  -0.849936
0.100198  -0.799906
0.150182  -0.799911
0.150122  -0.84994
0.150063  -0.899969
0.150031  -0.949985
0.15  -1
0.6  -1
0.60001  -0.949993
0.550014  -0.949991
0.55  -1
0.60002  -0.899986
0.550027  -0.899982
0.500034  -0.899978
0.500017  -0.949989
0.5  -1
0.45  -1
0.450018  -0.949989
0.450037  -0.899977
0.450068  -0.849957
0.450099  -0.799937
0.500061  -0.84996
0.500089  -0.799941
0.55007  -0.799952
0.550048  -0.849967
0.600036  -0.849974
0.650029  -0.849978
0.650017  -0.899988
0.700014  -0.89999
0.700023  -0.849982
0.750017  -0.849986
0.75001  -0.899992
0.750005  -0.949996
0.75  -1
0.700007  -0.949995
0.7  -1
0.65  -1
0.650008  -0.949994
1  0.25
0.950092  0.25008
1  0.3
0.950084  0.300072
0.900168  0.300145
0.900184  0.25016
0.850314  0.250267
0.800444  0.250374
0.850282  0.300239
0.800397  0.300333
0.800325  0.350274
0.85023  0.350196
0.900136  0.350118
0.950068  0.350059
1  0.35
0.950009  0.750008
1  0.75
0.900018  0.750016
0.900024  0.700021
0.950012  0.700011
1  0.7
1  0.65
0.950016  0.650014
0.900032  0.650028
0.850052  0.650045
0.850039  0.700033
0.850028  0.750024
0.4  1
0.400032  0.950022
0.450029  0.950021
0.45  1
0.400064  0.900045
0.450059  0.900042
0.500053  0.900038
0.500027  0.950019
0.5  1
0.55  1
0.550021  0.950016
0.550042  0.900031
0.550074  0.850055
0.550106  0.800078
0.500093  0.850068
0.500133  0.800097
0.450147  0.800103
0.450103  0.850073
0.400112  0.850078
0.2  1
0.200039  0.950024
0.250039  0.950025
0.25  1
0.200077  0.900047
0.250079  0.90005
0.30008  0.900052
0.30004  0.950026
0.3  1
0.35  1
0.350036  0.950024
0.350072  0.900048
0.350127  0.850084
0.300141  0.850091
0.250142  0.850088
0.200143  0.850086
0.150152  0.850087
0.150222  0.800126
0.150083  0.900048
0.100088  0.900049
0.100162  0.850088
0.100236  0.800128
0.0502129  0.800111
0.0501471  0.850077
0.000132244  0.850066
0.0500813  0.900043
7.42784e-05  0.900038
0  1
3.71392e-05  0.950019
0.0500407  0.950022
0.05  1
0.100044  0.950024
0.1  1
0.15  1
0.150041  0.950024
-0.05  1
-0.0499646  0.950017
-0.1  1
-0.0999664  0.950016
-0.0999328  0.900031
-0.0499293  0.900034
-0.0498734  0.850061
-0.099879  0.850055
-0.149898  0.850045
-0.199916  0.850034
-0.149944  0.900025
-0.199954  0.900019
-0.2  1
-0.199977  0.95001
-0.149972  0.950013
-0.15  1
-0.25  1
-0.249979  0.950008
-0.3  1
-0.299981  0.950007
-0.299961  0.900015
-0.249958  0.900017
-0.249923  0.85003
-0.249888  0.800043
-0.299929  0.850026
-0.299898  0.800038
-0.39994  0.80002
-0.349919  0.800029
-0.349944  0.85002
-0.399958  0.850014
-0.349969  0.900011
-0.399977  0.900008
-0.4  1
-0.399988  0.950004
-0.349985  0.950006
-0.35  1
-0.6  1
-0.599996  0.950001
-0.549994  0.950002
-0.55  1
-0.599992  0.900002
-0.549988  0.900004
-0.499984  0.900005
-0.499992  0.950003
-0.5  1
-0.45  1
-0.44999  0.950003
-0.44998  0.900006
-0.449965  0.850011
-0.449949  0.800016
-0.499971  0.850009
-0.499959  0.800012
-0.54997  0.800009
-0.549979  0.850006
-0.599987  0.850004
-0.64999  0.850003
-0.649994  0.900002
-0.699996  0.900001
-0.699993  0.850002
-0.749995  0.850001
-0.749997  0.900001
-0.749999  0.95
-0.75  1
-0.699998  0.950001
-0.7  1
-0.65  1
-0.649997  0.950001
-1  -0.25
-0.949983  -0.249995
-1  -0.3
-0.949984  -0.299996
-0.899967  -0.299991
-0.899966  -0.249991
-0.849936  -0.249982
-0.799906  -0.249974
-0.84994  -0.299983
-0.799912  -0.299976
-0.799929  -0.34998
-0.849952  -0.349987
-0.899974  -0.349993
-0.949987  -0.349997
-1  -0.35
-0.949998  -0.75
-1  -0.75
-0.899996  -0.749999
-0.899995  -0.699999
-0.949998  -0.699999
-1  -0.7
-1  -0.65
-0.949997  -0.649999
-0.899994  -0.649998
-0.849989  -0.649997
-0.849992  -0.699998
-0.849994  -0.749998
0.150716  -0.649649
0.200683  -0.649651
0.100748  -0.649647
0.10051  -0.699759
0.150486  -0.699761
0.200461  -0.699764
0.200313  -0.74984
0.150334  -0.749836
0.100354  -0.749832
0.0503398  -0.749845
0.0504938  -0.699774
0.05073  -0.649667
-0.349688  0.650107
-0.399757  0.650078
-0.299619  0.650135
-0.299737  0.700095
-0.349785  0.700075
-0.399833  0.700055
-0.399886  0.750037
-0.349852  0.750052
-0.299817  0.750066
-0.249794  0.750079
-0.2497  0.700114
-0.249561  0.650164
0.0503748  0.750192
0.0505368  0.700272
0.100568  0.7003
0.100402  0.750214
0.150387  0.750215
0.150552  0.700304
0.150803  0.650439
0.100824  0.65043
0.0507856  0.650393
0.600471  0.550358
0.650377  0.550293
0.600606  0.500459
0.650486  0.500376
0.700366  0.500292
0.700283  0.550227
0.750206  0.550169
0.750267  0.500218
0.750332  0.450272
0.750397  0.400326
0.700454  0.450363
0.700541  0.400435
0.600916  0.400698
0.650729  0.400567
0.650607  0.450471
0.600761  0.450579
0.550389  -0.599736
0.550292  -0.649802
0.50048  -0.599686
0.500362  -0.649764
0.500244  -0.699841
0.550194  -0.699869
0.550132  -0.749911
0.500167  -0.749891
0.450189  -0.749882
0.400211  -0.749873
0.450278  -0.699827
0.400312  -0.699812
0.400465  -0.649719
0.450414  -0.649741
0.450549  -0.599655
-0.599847  -0.549953
-0.649884  -0.549965
-0.599799  -0.499939
-0.649847  -0.499954
-0.699895  -0.499969
-0.699921  -0.549977
-0.749946  -0.549985
-0.749929  -0.49998
-0.749914  -0.449976
-0.7499  -0.399972
-0.699874  -0.449964
-0.699853  -0.399958
-0.599703  -0.399911
-0.649778  -0.399934
-0.649813  -0.449944
-0.599751  -0.449925
-0.549845  0.600046
-0.549882  0.650035
-0.499791  0.600063
-0.49984  0.650049
-0.499889  0.700034
-0.549919  0.700024
-0.549944  0.750016
-0.499924  0.750023
-0.449905  0.75003
-0.449861  0.700044
-0.449799  0.650063
-0.449736  0.600082
0.750208  -0.549839
0.750276  -0.499788
0.700369  -0.499722
0.700279  -0.549789
0.650361  -0.549737
0.600443  -0.549685
0.650478  -0.499654
0.600587  -0.499585
0.600919  -0.399343
0.600753  -0.449464
0.65061  -0.449555
0.650742  -0.399456
0.700468  -0.449646
0.700566  -0.39957
0.75042  -0.399672
0.750348  -0.44973
0.750693  -0.249459
0.700926  -0.249296
0.700822  -0.29938
0.750616  -0.299522
0.750518  -0.349597
0.700694  -0.349475
0.650912  -0.349335
0.601131  -0.349196
0.651082  -0.299214
0.601342  -0.299049
0.601527  -0.248907
0.651226  -0.249102
-0.749947  0.550014
-0.749929  0.500019
-0.699896  0.500029
-0.699922  0.550021
-0.649885  0.550032
-0.599848  0.550043
-0.649846  0.500043
-0.599797  0.500058
-0.599751  0.45007
-0.649811  0.450053
-0.649776  0.400062
-0.699871  0.450035
-0.699847  0.400042
-0.749897  0.400028
-0.749913  0.450023
-0.649645  0.250102
-0.649674  0.300093
-0.69978  0.300061
-0.699764  0.250066
-0.749838  0.250044
-0.749848  0.300042
-0.749872  0.350035
-0.699814  0.350052
-0.649725  0.350078
0.250299  -0.749841
0.300285  -0.749843
0.300416  -0.69977
0.250439  -0.699767
0.250649  -0.649656
0.300614  -0.649661
0.35054  -0.64969
0.350364  -0.699791
0.350248  -0.749858
0.750499  0.350405
0.700674  0.350535
0.700807  0.300635
0.750602  0.300484
0.750677  0.250546
0.70091  0.250717
0.651223  0.250935
0.601537  0.251152
0.651079  0.300822
0.60135  0.301009
0.601133  0.350853
0.650904  0.350694
-0.749871  -0.349963
-0.699814  -0.349946
-0.699775  -0.299934
-0.749843  -0.299955
-0.74983  -0.249951
-0.699754  -0.249928
-0.649635  -0.249891
-0.599515  -0.249853
-0.649668  -0.2999
-0.599561  -0.299867
-0.599632  -0.349889
-0.649723  -0.349917
-0.449621  0.550119
-0.499702  0.550091
-0.499613  0.500118
-0.449506  0.500156
-0.449376  0.450196
-0.499517  0.450147
-0.549634  0.450109
-0.549705  0.500088
-0.549775  0.550067
0.450792  -0.549506
0.500688  -0.549552
0.500897  -0.499418
0.451035  -0.499356
0.451341  -0.449163
0.451646  -0.398971
0.501153  -0.449249
0.50141  -0.39908
0.551165  -0.399211
0.550953  -0.449357
0.550742  -0.499502
0.550566  -0.549619
-0.449899  -0.749966
-0.449853  -0.69995
-0.499882  -0.699961
-0.499917  -0.749973
-0.549939  -0.74998
-0.549912  -0.699972
-0.549875  -0.64996
-0.549838  -0.599948
-0.499831  -0.649945
-0.499781  -0.599929
-0.449719  -0.599906
-0.449786  -0.649928
0.550176  0.750129
0.500219  0.750157
0.500305  0.700217
0.550246  0.70018
0.550346  0.650253
0.550447  0.600327
0.500432  0.650307
0.500559  0.600396
0.450646  0.600444
0.450496  0.650341
0.450345  0.700238
0.450246  0.750171
0.452834  0.251883
0.502376  0.251644
0.502087  0.301442
0.452484  0.30165
0.452119  0.351417
0.451754  0.401184
0.501781  0.351238
0.501476  0.401033
0.551196  0.400866
0.551457  0.351046
0.551718  0.301226
0.551956  0.251398
0.550992  0.450717
0.550788  0.500569
0.50097  0.500679
0.501223  0.450856
0.451447  0.450977
0.45114  0.50077
0.450893  0.550607
0.500764  0.550538
0.550617  0.550448
-0.549627  -0.449882
-0.549556  -0.39986
-0.549699  -0.499904
-0.499599  -0.499869
-0.499504  -0.449839
-0.499408  -0.399809
-0.449223  -0.399741
-0.44935  -0.449782
-0.399196  -0.449726
-0.449476  -0.499823
-0.399354  -0.499777
-0.399505  -0.54983
-0.449598  -0.549864
-0.49969  -0.549899
-0.549768  -0.549926
-0.249119  -0.549668
-0.248863  -0.499571
-0.299022  -0.499642
-0.29924  -0.549722
-0.349373  -0.549776
-0.349188  -0.499709
-0.348985  -0.449639
-0.298775  -0.449553
-0.248563  -0.44946
-0.449067  -0.349689
-0.448911  -0.299636
-0.499166  -0.299729
-0.499287  -0.349769
-0.54946  -0.349829
-0.549363  -0.299798
-0.549294  -0.249776
-0.549225  -0.199755
-0.499073  -0.2497
-0.498981  -0.199671
-0.448662  -0.199555
-0.448787  -0.249596
0.551908  -0.248701
0.50229  -0.248495
0.502005  -0.298694
0.551674  -0.298872
0.551419  -0.349042
0.501708  -0.348887
0.451998  -0.348753
0.402289  -0.348619
0.452351  -0.298535
0.402696  -0.298376
0.403113  -0.248109
0.452701  -0.248302
0.205433  0.152902
0.255102  0.152838
0.205682  0.103017
0.255348  0.102957
0.305014  0.102898
0.30477  0.152775
0.354354  0.152642
0.354593  0.102766
0.354738  0.0528447
0.305174  0.0529801
0.25553  0.0530435
0.205886  0.0531068
0.253019  -0.348403
0.30282  -0.348442
0.30329  -0.298182
0.253522  -0.298136
0.254055  -0.247845
0.303776  -0.247902
0.353444  -0.248005
0.352993  -0.298279
0.352554  -0.348531
-0.549096  -0.0497141
-0.549104  -0.0997149
-0.498832  -0.0996198
-0.498817  -0.0496175
-0.448451  -0.0494838
-0.398086  -0.04935
-0.448476  -0.099488
-0.398119  -0.0993562
-0.398231  -0.149398
-0.448569  -0.149522
-0.498907  -0.149646
-0.549164  -0.149735
-0.246643  -0.0487439
-0.297172  -0.0489751
-0.297228  -0.0989904
-0.246716  -0.0987661
-0.246883  -0.148831
-0.297376  -0.149046
-0.347803  -0.149222
-0.347674  -0.0991733
-0.347629  -0.0491626
0.0553168  0.152487
0.0555746  0.102603
0.105693  0.102772
0.105427  0.152653
0.15543  0.152777
0.155687  0.102894
0.15588  0.052975
0.105874  0.0528431
0.0557543  0.0526713